//Reference=MNI152		
//Abraham et al., 2012; divergent thinking contrast (Table S1)		
// Subjects=19		
-17.01	56.36	9.35
-16.82	30.03	44.45
-48.61	13.71	-10.85
-35.98	16.15	-24.41
-1.19	38.71	-22.83
-10.61	51.13	26.32
2.28	-2.14	33.22
27.54	-14.83	-22.66
-19.92	-33.74	-14.43
24.5	-45.97	-13.85
-23.05	-46.57	-16.86
-7.09	-40.24	32.56
11.93	-60.62	7.2
-10.28	-57.85	3.81
-26.4	-13.15	-39.11
-54.86	-18.47	-18.6
-51.54	-52.71	-9.61
-38.65	-74.97	38.45
12.08	-98.44	9.79
-7.03	-80.09	1.99
-25.9	-93.78	39.66
-4.08	-16.63	4.28
-48.34	-69.25	-21.82
34.14	-90.83	-24.16
-32.55	-22.15	21.48
-35.93	-3.37	-33.06
-35.95	-7.33	-46.11
37.12	-16.28	4.02
24.55	-34.49	18.66
40.07	12.82	-37.95
30.62	-13.48	-52.74
8.63	-67.25	-48.93
-32.45	-26.83	48.43
-26.03	-31.66	72.03
21.47	-28.93	58.25
		
//Asari et al., 2008; unique answers > frequent answers to inkblot pictures		
//Subjects=68		
-2	22	-24
-8	62	10
-42	-80	36
32	18	-24
		
//Aziz-Zadeh et al., 2009; anagram: aha > no-aha		
//Subjects=10		
-54	20	0
40	44	0
-6	26	44
38	12	-14
-48	-52	24
58	-52	36
42	6	-40
-6	-20	-26
		
//Aziz-Zadeh et al., 2013; creative > control		
//Subjects=13		
-2	20	56
-8	66	24
-20	38	52
-24	46	22
-42	12	26
-38	28	-20
-46	26	-6
-50	-74	26
-44	-68	42
-56	-46	2
		
//Bechtereva et al., 2004; study 2 - Create stories from 16 remotely associated words > memorize words		
//Subjects=16		
-56	-52	34
-40	12	52
-40	12	52
-42	38	-10
-32	-80	36
-8	34	30
-8	22	36
		
//Bengtsson et al., 2007; music improvisation > play from memory		
//Subjects=11		
36.91	45.87	20.5
-24.27	19.11	47.72
-27.33	17.16	61.42
-33.77	4.37	62.79
30.83	19.31	46.77
11.46	19.86	53.76
-34.04	8.88	42.18
-37.22	2.8	46.2
-63.42	-38.69	17.13
49.7	-53.86	-13.55
-37.28	-79.77	24.11
-27.82	-91.49	1.58
43.58	-80.73	9.38
43.5	-84.54	3.04
		
//Berkowitz and Ansari, 2008; melodic improvisation > pattern sequence		
//Subjects=13		
0.34	27.32	30.8
0.59	11.65	46.92
-49.45	11.11	20.93
-19.9	8.6	49.81
26.53	1.96	45.19
67.31	-41.53	14.06
-19.39	-64.63	-10.19
39.86	50.29	-1.28
17.15	69.77	1.67
-4.82	-35.45	37.1
13.61	-32.74	42.12
-61.05	-43.72	32.16
50.22	-44.49	29.22
//Berkowitz and Ansari, 2008; rhythmic improvisation > metronome		
//Subjects=13		
-1.79	25.29	32.16
-8.15	4.31	37.71
-35.56	34.04	12.82
-16.74	7.99	43.09
-25.3	-8.96	46.04
-19.67	-57.55	54.11
-37.15	-37.17	43.43
		
//Cardillo et al., 2012; metaphor comprehension: novel > familiar		
//Subjects=20		
-54	25	10
56	27	16
-57	-41	10
33	-92	-5
		
//Chrysikou and Thompson-Schill 2011; uncommon uses for daily objects: unusal > usual		
//Subjects=24		
-23.91	-66.1	-25.65
33.45	-58.59	-17.29
-29.96	-89.16	3.63
		
//De Manzano et al., 2012; musicians: music improvisation > sight reading		
//Subjects=18		
10	26	34
-42	26	26
54	14	10
-44	14	-2
48	16	-2
-2	8	58
-42	-66	-36
28	-68	-32
		
//Ellamil et al., 2012; generate > evaluate		
//Subjects=15		
-26	-2	56
28	2	52
-50	38	12
-28	-52	64
32	-48	64
-48	-36	44
40	-42	44
-32	-40	-4
36	-26	-12
-30	-34	-20
34	-38	-16
-50	-52	-12
40	-68	-4
-30	-80	36
46	-76	24
-14	-72	-48
		
//Fink et al., 2010; alternate uses task > object characteristics		
// Subjects=31		
-60	-27	36
		
//Fink et al., 2009; alternate uses task > object characteristics		
// Subjects=21		
36	-58	48
//Fink et al., 2009; alternate uses task > fixation		
// Subjects=21		
-20	32	22
36	-66	-26
22	-94	-8
-50	-48	-18
36	-40	0
-20	-94	-12
-24	-68	46
-42	-38	44
28	-70	4
-10	-22	20
		
//Geake and Hansen., 2005; high semantic distance > low semantic distance		
//Subjects=12		
-26	22	44
-30	24	44
-50	44	-10
48	48	-12
-46	18	14
52	22	20
-44	50	2
48	46	8
-4	24	40
6	22	42
0	-60	48
-34	-62	44
30	-60	44
-16	-92	-18
20	-86	-10
		
//Goel and Vartanian, 2005; match problems: conjunction of (match problems - baseline) and (successful trial - unsuccesful trial) 		
//Subjects=13		
34	16	-16
-28	40	28
-18	56	12
		
//Green et al., 2012; analogical reasoning: generation > rest 		
// Subjects=23		
-8.48	62.08	24.15
-57.13	-27.05	3.55
-6.99	42.13	51.88
-43.61	48.98	-22.14
51.39	-87.55	27.85
0.4	20.08	33.76
-11.2	-80.66	36.08
31.21	-84.41	-29.26
64.43	-68.38	36.94
-43.45	-74.11	50.55
//Green et al., 2012; analogical reasoning: more remote > less remote 		
//Subjects=23		
-5.21	65.59	27.11
-0.38	28.85	58.68
-59.01	-59.95	19.16
12.89	17.66	-4.31
-8.72	17.58	-3.94
		
//Howard-Jones et al., 2005; creative > uncreative		
//Subjects=8		
16.83	47.12	8.67
20.1	32.41	26.31
-14.74	25.81	26.97
23.67	-84.07	18.73
		
//Huang et al., 2012; creative > uncreative		
//Subjects=28		
-24	26	-20
-42	23	19
15	-100	13
		
//Jung-Beeman et al., 2004; aha > no aha		
//Subjects=18		
47.34	-7.17	-19.25
50.75	32.35	1.43
-48.57	29.33	9.03
-20.68	51.99	-2.65
-8.16	-57.02	24.73
-16.35	-1.56	-13.12
12.75	-11.86	-21.56
		
//Kounios et al., 2006; insight preparation > noninsight preparation		
//Subjects=25		
-51.44	-63.11	19.34
-3.34	45.88	-0.1
-1.57	-45.22	35.77
57.6	-63.35	10.79
-26.07	-7.02	-13.53
-65.9	-33.44	-6.88
		
//Kowatari et al., 2009; expert design > baseline		
//Subjects=20		
-30.39	-63.65	-18.98
-27.06	-83.65	15.67
30.04	-75.25	41.39
39.32	-56.76	-19.86
-17.8	-27.86	-4.86
48.68	18.85	24.85
36.35	-51.91	59.74
45.61	7.64	48.94
26.59	-27.08	1.49
20.24	-30.69	-4.89
-36.85	9.09	32.68
		
//Kowatari et al., 2009; novice design > baseline		
//Subjects=20		
36.21	-72.34	-15.45
-30.42	-53.99	-16.31
48.71	12.75	28.6
-14.61	-30.78	-1.34
-1.96	13.54	48.82
-40.02	5.71	29.6
-39.91	-8.83	50.58
48.8	4.72	52.46
		
//Kroger et al., 2012; high semantic distance > low semantic distance (whole brain) + appropriateness		
//Subjects=26		
-36	35	4
-45	11	16
51	38	4
27	29	-11
-27	23	-14
51	26	1
-9	23	46
-21	14	52
-9	26	22
-9	29	28
-6	32	31
9	-13	-8
-9	-5	-1
-6	-10	-8
-6	-55	22
-6	44	34
-9	53	31
3	35	7
-3	44	10
-60	-7	-20
-60	-16	-11
-63	-10	-14
-54	-16	-20
57	-58	28
-54	-64	28
		
//Limb and Braun, 2006; conjunction of scale improvisation and jazz improvisation		
//Subjects=6		
-51	33	3
-52	8	17
-54	0	30
-30	-15	64
-3	0	63
-27	-15	54
-63	-27	-9
-51	-15	-24
-48	-66	-21
-53	-41	41
-42	-45	45
-18	-75	51
-36	-90	-5
-27	-94	14
-21	-94	29
-5	8	49
51	6	27
30	-6	63
3	-4	68
27	-9	51
63	-33	9
57	-21	-9
45	-15	-18
48	-41	41
45	-42	51
21	-77	55
36	-75	15
35	-83	25
21	-63	-30
3	-78	-39
6	-67	-17
-11	-6	-9
-24	0	-18
-24	-36	-3
-36	-27	-21
-3	-51	24
-30	3	-24
-30	-12	-9
-12	15	11
-29	-3	6
-33	15	-11
-33	-24	9
-51	-57	18
-45	-69	30
9	-6	-6
28	-1	-16
27	-24	-18
15	-42	3
24	-27	-24
3	-57	30
33	0	-39
27	6	-9
9	15	3
27	-15	6
33	15	12
33	0	12
42	-11	7
51	-54	24
		
//Luo et al., 2004b; Insight problem: aha > no aha		
//Subjects=11		
1.5	23.49	35.65
12.49	10.74	47.93
10.15	20.32	35.81
-42.14	19.05	2.09
-46.34	7.96	9.98
-44.03	11.24	21.95
-43.8	9.71	40.02
-37.32	18.45	41.29
-58.17	-60.65	0.16
-22.03	9.86	51.96
-26.22	-66.81	47.29
-17.85	23.08	43.86
		
//Mashal et al., 2007; novel > conventional metaphor		
//Subjects=15		
53.01	-28.89	2.57
50.75	24.7	16.67
-46.5	35.58	18.72
		
//Qiu et al., 2010; chinese logogriphs: aha > no aha		
//Subjects=16		
37.47	-68.06	41.85
37.6	-67.13	51.84
34.32	-57.57	50.95
-30.63	-68.62	39.7
-30.54	-58.11	48.75
-17.45	-70.2	56.44
24.07	-97.69	1.31
36.91	-98.57	-8.91
40.35	-97.01	7.69
-31.07	-98.19	-1.06
-21.34	-101.35	-0.92
-47.52	-70.47	-13.61
-47.19	10.78	28.77
-53.66	20.64	31.26
-33.86	6.94	55.81
43.08	-74.58	-28.2
30.05	-68.56	-31.93
-2.29	-87.82	-29.47
10.75	-83.96	-23.36
		
//Rutter et al., 2012; high semantic distance > low semantic distance + high appropriateness > low appropriateness		
//Subjects=27		
-48	17	4
60	17	4
-24	20	1
-36	29	-8
-33	50	13
-30	53	19
-48	20	-14
		
//Seger et al., 2000; Noun-verb generation: novel > repeated		
//Subjects=7		
-50.43	19.49	30.2
-58.21	23.33	14.27
-41.75	36.2	36.25
-12.66	-6.94	20.97
-46.79	-53.4	-37.73
4.24	-92.91	-26.84
7.6	-94.19	-17.81
37.52	-51.72	-35.97
23.61	-38.72	-22.45
32.32	-60.07	-21.6
//Seger et al., 2000; Noun-verb generation: unusual > first associate		
//Subjects=7		
34.87	35.85	28.25
23.99	51.66	25.75
22.7	53.39	9.91
9.02	25.43	33.08
3.53	37.86	28.59
-35.27	32.93	35.34
45.16	-65.32	-32.51
56.08	-61.15	-23.02
47.22	-67.2	-41.32
-33.63	-83.67	-29.35
-44.64	-64.44	-41.15
-4.39	-95.06	-26.48
14.74	-78.34	36.53
17.91	-82.59	-54.99
		
//Shah et al., 2013; creative writing > baseline		
//Subjects=14		
-36	-18	57
63	-12	27
-27	-15	60
27	-3	51
-3	0	66
9	9	54
-9	12	42
51	6	33
-57	3	39
33	45	36
63	12	12
-54	12	3
-36	-24	54
42	-33	45
21	-60	60
-24	-54	57
-57	-42	12
48	-60	-12
-45	-72	-3
33	-87	3
-39	-81	3
27	-90	0
-21	-93	-3
15	-60	-42
18	-51	-18
6	-63	-33
-30	-57	-24
-12	-18	12
//Shah et al., 2013; thinking > baseline		
//Subjects=28		
-42	21	3
-48	15	9
-45	18	-3
51	21	24
48	18	27
45	24	-9
-33	24	0
39	-24	-6
-45	45	0
39	33	-12
-9	27	30
-6	21	42
3	24	60
-3	9	60
-42	0	51
48	15	51
-51	18	27
-48	-51	24
-45	-51	36
-48	-39	6
51	-30	0
-57	-39	9
51	-27	0
-57	-9	-6
-48	15	-21
21	-90	-3
-21	-90	-6
-24	-84	-18
36	-66	-21
6	-75	-21
-39	-63	-30
		
//Sieborger et al., 2007; Semantic judgement: distant > unrelated		
//Subjects=14		
-23.17	17.09	49.03
//Sieborger et al., 2007; Semantic judgement: distantly related > closely related		
//Subjects=14		
-47.2	15.04	28.35
-9.06	26.38	55.71
-18.02	45.86	34.89
-32.99	28.34	43.6
-39.16	45.57	-12.91
-59.84	-62.44	38.47
52.5	-72.03	33.02
48.24	-33.26	46.07
4.48	-25.46	5.7
		
//Tian et al., 2011; Chinese Logogriphs: successful > unsuccessful problem solving		
//Subjects=16		
-21.3	43.41	31.82
-53.48	-60.06	29.16
14.09	-76.63	-14.05
36.91	-9.93	9.22
-34.48	-10.81	3.79
-37.13	-19.53	48.4
1.83	-15.58	54.07
		
//Vartanian and Goel, 2005; unconstrained > baseline		
//Subjects=15		
3.62	-54.51	16.43
-6.86	-71.83	38.5
35.19	37.79	-31.34
48.61	8.42	-1.77
-39.27	-87.25	36.09
9.51	74.64	-3.17
-17.2	-44.31	80.77
28.13	-40.1	77.34
20.4	-64.78	-25.42
33.08	-36.2	-41.91
75.04	-18.36	31.81
//Vartanian and Goel, 2005; unconstrained > semantically constrained		
//Subjects=15		
36.64	-14.76	72.45
75.04	-18.36	31.81
34.6	-37.95	77.02
1.53	-51.77	22.92
-0.39	-76.27	36.58
5.11	74	-9.75
-22.29	44.02	38.5
-22.35	50.2	35.65
30.97	-42.38	-39.02
37.3	35.26	-35.6
		
//Liu et al., 2012; Improvised > Conventional		
//Subjects=12		
-6	57	18
-9	57	33
-15	48	42
-6	15	66
-8	18	47
-39	0	54
-51	24	-6
-48	30	3
-54	15	18
-48	-45	3
-45	-39	6
-45	-57	-24
-12	-3	21
-18	0	3
-6	-66	-3
-33	-90	0
15	-75	0
33	-84	3
27	-75	-33
		
//Villarreal et al., 2013; high-creative Subjects - create rhythmic phrase > repeat rhythmic phrase		
//Subjects=12		
-8	16	50
-50	32	30
50	26	8
52	10	0
		
//Villarreal et al., 2013; low-creative Subjects - create rhythmic phrase > repeat rhythmic phrase		
//Subjects=12		
-2	-4	78
-28	4	50
		
//Abraham et al., 2014; males: divergent thinking conjunction		
//Subjects=14		
8.28	39.59	-22.09
-39.25	-64.08	42.76
34.38	-15.94	-20.4
29.24	-39.17	-4.57
-7.29	-47.63	10.34
-10.14	-38.14	43.06
-37.04	26.67	-20.04
34.22	36.49	-22.23
-42.98	7.74	18.91
44.6	-11.1	19.28
2.5	2.14	25.42
-22.95	-20.67	58.36
31.4	-81.89	-13.83
-33.26	-15.19	14.29
-52.81	-32.46	2.89
-55.91	-57.68	8.8
-20.32	-84.33	-2.62
		
//Abraham et al., 2014; females: divergent thinking conjunction		
//Subjects=14		
2.77	31.53	52.76
-4.39	52.67	3.72
-10.16	-53.65	37.87
-55.69	-58.25	25.66
-27.22	-43.68	-26.69
-40.4	23.59	-29.76
-30.07	11.73	14.94
9.44	-95.06	41.64
-13.71	-23.11	20.35
-4.22	-24.84	1.31
34.73	-60.42	-2.56
-14.14	3.22	-8.03
1.84	-70.66	-41.33
		
//Benedek et al., 2014a; generate metaphor > generate literal synonyms		
//Subjects=28		
-47	-67	24
-40	11	59
-26	42	48
13	-56	17
-8	-81	-5
-33	-35	-19
20	-77	-33
27	-32	-22
		
//Benedek and Jauk et al., 2014b; new > old		
//Subjects=35		
-51	-34	40
//Benedek and Jauk et al., 2014b; new and old > baseline		
//Subjects=35		
-15	20	46
24	35	10
33	-67	7
-45	-16	40
18	-61	-23
		
//Fink et al., 2012; original > control		
//Subjects=32		
-57	-55	13
//Fink et al., 2012; original > common		
//Subjects=32		
-27	-13	-14
-48	-64	-14
-48	-61	10
		
//Green et al., 2015; creative cue > ordinary cue		
//Subjects=55		
-4	46	28
30	-82	-32
-2	36	22
34	22	-12
2	-12	10
12	-82	16
-22	-68	4
16	-10	22
-54	22	24
-40	6	46
-58	-50	-4
-60	20	0
-16	-2	22
-36	58	4
18	-62	-2
-16	-92	22
36	-46	-4
-30	18	-8
		
//Zhang et al., 2014; NBFFAT > baseline + BFFAT > baseline		
//Subjects=18		
-44	7	32
-5	6	66
56	33	25
11	-96	0
-17	-39	-35
14	-3	-2
20	6	13
-5	9	65
-41	4	32
-41	17	-6
41	-8	63
-26	-99	-2
17	-90	0
32	-5	-37
38	-12	-24
-23	-26	-3
14	-4	25
14	-3	-4
		
//Abraham et al., 2018; creative conceptual expansion conjunction analysis		
//Subjects=34		
-8.39	7.7	5.97
-44.35	20.41	11.97
-34.76	-8.68	0.59
-12.61	4.51	6.22
-12.59	-8.9	-6.18
15.94	-8.66	-6.37
-3.01	-17.47	7.66
-18.84	-30.81	-1.32
53.85	30.08	0.74
-6.24	25.91	44.67
-3.01	17.09	55.24
-12.7	46.91	26.62
0.18	-3.01	36.62
-31.57	16.04	42.16
15.93	4.96	9.35
-56.76	-31.65	42.25
-47.23	-72.43	-4.96
-24.92	-103.76	-2.95
15.94	-8.66	-6.37
25.64	-76.19	-25.11
41.4	-64.26	-39.34
13.11	-89.82	12.52
-5.9	-93.13	12.86
		
//Beaty et al., 2017; low constraint > recall		
//Subjects=24		
-51	35	14
-3	17	56
-15	5	8
18	-70	-31
//Beaty et al., 2017; high constraint > recall		
//Subjects=24		
-51	17	23
0	26	44
30	26	-7
-6	-4	-1
-33	-58	-37
18	-73	-28
		
//Beaty et al., 2018; create > sentence		
//Subjects=29		
-38	-6	16
42	-10	0
42	-88	6
-60	-28	30
-8	2	22
22	-4	-18
28	-80	-32
-14	-34	24
-38	-28	24
26	-40	62
44	-40	-16
20	-38	20
-24	-48	76
-46	-78	2
28	-66	-10
20	-38	20
		
//Benedek et al., 2018; create original > recall common		
//Subjects=42		
3	41	-10
-30	-40	-7
-54	-25	41
-12	-58	23
24	-34	-13
-39	-79	32
		
//Benedek et al., 2020; experiment 2, original association > common association		
//Subjects=44		
15	-72	-12
-9	-78	-5
//Benedek et al., 2020; experiment 2, bi-association > common association		
//Subjects=44		
21	-63	-9
-30	-39	-2
-39	-78	41
-12	-72	-25
36	-81	28
//Benedek et al., 2020; experiment 2, bi-association > original association		
//Subjects=44		
42	-48	51
-39	-51	44
24	-6	-19
		
//Fink et al., 2015; alternate uses > generate facts given an objective (T1)		
//Subjects=53		
-6	-100	-2
-54	-70	-8
15	-94	-2
-57	-31	40
		
//Ivancovsky et al., 2018; alternate uses > common uses		
//Subjects=36		
-15	-55	19
		
//Kleibeuker et al., 2013; creative use of tools > object characteristics		
//Subjects=43		
-60	-30	36
-42	-84	30
-54	-66	0
-45	-63	9
-3	48	0
-9	48	-6
0	51	12
36	-30	51
48	-63	15
51	-75	21
-24	-12	-18
-21	-6	60
-6	-51	6
-9	-60	9
-30	33	-15
-51	6	24
		
//Kleinmintz et al., 2018; AUT > objective characteristics		
//Subjects=23		
-6	2	55
-45	11	10
-57	-4	28
		
//Mayseless et al., 2015; alternate uses > object characteristics generation		
//Subjects=30		
-6.46	42.22	-16.38
-5.98	-56.2	30.31
		
//Sun et al., 2016; AUT object characteristics (pretraining)		
//Subjects=15		
12	-87	12
		
//Sun et al., 2019; AUT > object characteristics 		
//Subjects=29		
12	-87	12
		
//Becker et al., 2019; insight trial start: aha > no aha		
//Subjects=27		
32	14	-6
-30	16	-2
//Becker et al., 2019; insight solution phase: aha > no aha		
//Subjects=27		
48	-14	22
-24	-6	-22
		
//Hao et al., 2013; heuristic prototypes: highlighted feature > no highlighted feature		
//Subjects=17		
-51	-58	1
48	-55	-8
		
//Kizilirmak et al., 2016; solved CRAT > not solved CRAT		
//Subjects=26		
-42	18	52
-46	-58	46
52	-44	44
-2	-51	35
22	-86	-34
48	52	10
-54	-58	-30
-28	-24	-10
-64	2	-28
		
//Kizilirmak et al., 2019; solved CRAT > not solved CRAT		
//Subjects=23		
-48	-60	38
-56	-48	44
-46	-62	50
-64	-32	-10
-20	30	52
-44	14	46
-16	50	36
-4	38	14
44	-58	40
56	-40	44
54	-42	28
42	-70	44
0	-28	42
-8	-42	34
-10	-52	32
-2	-48	22
42	-58	-40
42	-74	-38
42	-46	-42
40	-78	-30
46	44	8
36	52	-2
		
//Huang et al., 2015; novel > familiar		
//Subjects=15		
-10	10	12
12	8	10
-8	-16	-10
12	-18	-10
-36	-50	50
-20	-68	56
-60	-30	42
32	-54	56
64	-24	42
-4	14	56
6	18	56
-24	-4	64
28	-8	58
-52	6	32
-30	28	4
-44	26	28
54	10	30
46	6	36
34	26	6
		
//Huang et al., 2018; high novelty > low novelty + high appropriateness > low appropriateness		
//Subjects=20		
-44	28	20
-40	10	30
16	28	18
-46	-68	24
56	-66	22
8	52	4
4	64	6
4	-42	40
54	-64	40
-42	-78	34
-8	10	-4
28	0	-16
-26	-6	-14
30	-24	-12
-26	-28	-12
		
//Lin et al., 2020; chinese words chunk decomposition: high creative > low creative		
//Subjects=32		
57	-24	39
3	27	39
-60	-30	39
-24	9	51
24	15	51
-18	-69	54
54	9	18
54	-39	-12
		
//Luo and Niki, 2003; correct insight problem > baseline		
//Subjects=7		
-20.12	47.43	40.37
-29.22	65.87	8.44
-22.82	69.63	2.36
-20.65	58.79	1.15
25.02	64.42	24.47
8.02	52.3	45.01
-35.29	40.48	35.71
-46.46	49.75	9.21
53.26	38.25	29.94
38.22	36.69	37.08
29.56	45.27	37.5
-3.51	65.36	-9.87
-1.24	69.49	-0.24
-3.68	53.17	-25.47
6.37	-12.84	71.65
0.95	17.2	-8.55
38.6	-17.37	55.87
36.22	-11.39	39.63
54.96	45.77	-4.45
-53.05	45.6	-0.35
3.76	-9.69	36.65
6.01	-18.83	42
7.94	4.6	28.44
-56.14	-15.66	-0.96
73.55	-20.31	-0.47
58.44	-13.67	2.49
67	-10.97	-3.52
46.68	-25.96	9.51
39.8	-16.88	-19.28
27.86	-33.36	57.63
-20.2	-37.48	16.27
-56.16	-58.49	-11.29
-60.5	-47.66	-10.05
-49.96	-53.61	52
-36.82	-51.15	66.1
6.28	-61.71	54.08
7.86	-79.14	5.35
-7.43	-73.85	-6.12
-27.44	54.25	-24.05
		
//Luo et al., 2004a; cerebral gymnastics puzzles > baseline		
//Subjects=13		
5.86	9.57	35.83
5.81	25.63	35.36
3.69	32.52	40.32
44	16.11	-22.62
37.58	5.66	-19.23
-52.91	19.32	5.61
-48.39	13.14	19.59
-38.08	18.26	-18.07
-5.35	-18.67	-1.53
0.98	-27.44	-15.33
-53.82	-58.19	3.21
-50.39	-68.84	15.41
53.17	15.73	18.73
67.11	-57.22	-4.55
18.33	-0.61	-4.84
-41.35	-24.24	55.67
-30.6	-58.52	44.31
-32.64	-55.47	54.13
-24.16	-71.99	37.69
50.84	8.95	3.75
58.3	19.2	-1.88
		
//Luo et al., 2006; tight chunking > loose chunking		
//Subjects=13		
-28	-88	14
-26	-80	14
46	32	20
38	-86	6
34	-86	-6
-48	28	20
-42	28	26
-6	-26	-34
-8	-14	-24
4	-24	-32
-46	40	6
36	28	-12
38	34	-20
-46	8	40
-50	16	34
-58	16	26
-26	-2	50
-2	18	54
8	28	40
		
//Luo et al., 2013; heuristic prototype: novel invention > old invention		
//Subjects=17		
1.35	-76.08	4.04
		
//Pang et al., 2009; tight chunking > loose chunking		
//Subjects=13		
-8	-84	26
-10	-78	34
6	-86	34
		
//Sinitsyn et al., 2020; insight > rest		
//Subjects=32		
-26	-96	-2
34	-94	0
-44	6	30
24	-66	-50
-32	-46	48
46	6	28
		
//Subramaniam et al., 2009; insight > analytical preparation		
//Subjects=27		
-24.99	-10.31	-14.35
-2.31	47.7	-3.66
54.83	64.5	-10.78
50.79	77.51	13.77
//Subramaniam et al., 2009; insight > analytical solution		
//Subjects=27		
62.78	-33.21	-0.13
3.84	-39.67	37.37
22.51	-11.52	-18.4
-3.39	40.04	-5.13
-62.69	-19.49	-7.19
9.86	58.64	20.82
61.15	-35.87	40.5
		
//Tang et al., 2015; tight chunking > loose chunking		
//Subjects=22		
24.72	-52.31	61.8
50.38	-25.81	45.29
65.49	-15.98	46.31
55.32	14.57	17.68
58.48	39.15	16.32
49.72	41.48	7.27
27.66	13.33	51.89
30.84	1.88	44.01
21.43	-59.22	56.94
-27.37	-70.63	40.97
-33.95	-29.82	41.52
7.51	11.26	-3.59
-8.66	14.71	-0.29
-8.45	4.25	14.19
-20.98	3.07	48.13
1.45	41.77	36.08
-24.21	18.47	52.27
36.53	28.82	-12.54
29.96	24.88	-19.88
33.07	35.97	-27.76
-50.48	4.93	23.8
-52.67	27.68	26.07
-53.15	48.17	-7.33
		
//Terai et al., 2013; chunk > nonchunk (correct trials) RAT		
//Subjects=18		
-15	-58	-10
		
//Tik et al., 2018; high insight > low insight		
//Subjects=29		
-51	-10	-20
-6	14	-4
-14	20	0
		
//Tong et al., 2013; heuristic prototype: related > unrelated		
//Subjects=16		
-40.32	-62.92	43.79
-47.1	13.64	36.33
		
//Wu et al., 2013; unfamiliar tight chunk decomposition > unfamiliar loose chunk decomposition		
//Subjects=14		
33	-54	51
51	-33	54
27	-69	48
-42	-42	48
-21	-69	48
-12	-75	57
27	-3	54
48	-9	30
36	0	39
-48	-66	-6
54	-57	-12
36	-63	-30
24	-72	-48
-21	-72	-45
-6	-81	-33
-27	0	57
-51	6	27
-30	3	30
-30	18	-3
-6	12	54
6	15	51
9	27	45
51	45	18
42	33	21
		
//Yu et al., 2019; MET > LIT		
//Subjects=20		
-36	33	-9
-18	-9	-12
-54	6	-9
-30	-78	-9
-42	-60	-12
-36	-72	-9
-54	33	18
-60	-33	3
33	-3	-24
-21	-2	-12
39	-12	-24
21	-9	-12
33	-87	0
39	-12	-24
33	-3	-24
		
//Zhao et al., 2014; insight > noninsight		
//Subjects=17		
-27	-9	-18
54	-30	0
54	-54	12
-57	-36	3
-54	-48	6
-54	-6	-24
30	-9	-12
		
//Zhou et al., 2011; NR > NU		
//Subjects=10		
24	-60	12
3	45	-18
63	0	-12
39	-60	18
-48	-60	21
-15	-15	-18
21	0	-27
-3	-48	12
-57	-12	42
//Zhou et al., 2011; ON > OL		
//Subjects=10		
45	12	-15
18	-39	-6
-3	-66	-3
-33	-9	15
33	-3	21
-30	6	-21
-36	-57	-9
-54	3	-12
-27	-9	15
		
//Amir et al., 2016; cartoon caption generation > describe cartoon		
//Subjects=13		
-4.13	25.73	41.34
-46.5	22.94	1.82
-16.8	-6.3	2.54
47.6	-10.33	-20.87
46.71	-42.94	-1.98
32.04	-84.91	-13.45
-38.77	-79	-10.11
		
//Beaty et al., 2015; alternate uses task > object characteristics		
//Subjects=25		
28	44	26
-50	34	6
8	18	44
-38	58	18
-24	-2	54
4	18	64
-52	8	22
48	2	42
50	20	38
-6	-46	44
8	-44	24
-62	-30	38
48	-52	44
-40	-60	52
-56	-56	34
-6	-56	10
-14	-60	62
-36	4	-4
44	8	-2
-60	-42	-2
60	-30	-14
-36	-36	-14
-54	16	-8
-50	-72	0
46	-72	12
		
//Bitsch et al., 2021; creative > typical caption generation		
//Subjects=24		
38	-24	-8
24	-24	-18
36	-54	-30
18	-78	6
-42	-56	10
-28	-76	-36
-10	-84	10
-6	-76	52
-4	-90	32
-38	68	22
10	46	27
-8	48	18
-10	32	28
-18	58	18
-32	32	-16
-36	16	-14
-48	12	-6
38	28	-10
-10	-56	-36
10	-50	-42
-54	-38	36
-52	-30	58
62	-18	46
-52	-30	58
62	-18	46
48	-16	44
-46	10	14
-36	-28	-8
		
//Fu et al., 2019; no example > example design generation		
//Subjects=18		
12	81	-3
		
//Liu et al., 2015; generation of new poems > recite poems		
//Subjects=27		
-21	53	21
9	56	21
-9	56	30
9	50	33
-12	44	48
12	47	48
-9	17	60
0	20	60
-6	26	21
-6	35	3
-4	-55	8
-51	20	9
-52	20	5
48	29	-3
-39	23	-15
39	32	-12
45	20	-21
-55	1	-17
-57	-10	-15
-51	-34	-6
-54	-40	0
51	2	-24
-57	-52	18
-54	-64	18
-12	-91	33
21	-97	15
-18	-52	0
18	-52	-6
-19	-9	-19
-18	-16	-18
-21	-37	-18
-24	-55	-15
27	-4	-12
18	-10	-18
-15	8	9
-27	-7	-9
28	-3	-11
-3	-28	0
-6	-4	6
-3	-18	7
-30	-82	-42
27	-79	-42
		
//Heinomen et al., 2016; idea generation > image viewing		
//Subjects=20		
-42	-4	12
-34	2	12
-44	-2	0
		
//Goucher-Lambert et al., 2019; far + near cues > control		
//Subjects=21		
59.66	41.94	12.66
5.92	17.49	34.63
37.58	-3.59	-4.07
-41.75	-2.92	-33.61
-38.48	23.63	37.8
43.8	24.42	-12.68
		
//Hahm et al., 2017; creative drawing imagery > line tracking		
//Subjects=25		
52.62	10.61	25.84
50.72	4.84	19.69
46.73	6.38	31.6
46.71	34.3	22.47
48.67	28.06	32.32
25	-12.22	56.64
26.88	-4.45	60.87
19.18	-15.93	48.49
15.37	4.12	37.15
23.2	2.18	37.13
19.19	-77.1	50.57
13.26	-69.41	54.74
40.7	-41.34	44
53.03	-49.13	-17.8
51.06	-57.14	-14.02
-23.86	-10.03	44.24
-23.95	-8.38	52.23
-25.96	-0.73	60.37
-27.61	21.94	29.31
-49.09	2.09	30.46
-49.22	13.68	38.77
-2.38	15.48	51.24
-10.15	23.66	39.41
-18.03	-69.4	52.37
-12.18	-77.45	56.22
-21.76	-69.11	40.39
-45.39	-45.72	46.81
-33.57	-47.36	38.97
-27.73	-53.41	42.79
-48.58	-59.49	-19.16
-42.76	-57.59	-13.11
		
//Saggar et al., 2015; word drawing > zigZag drawing		
//Subjects=36		
-32	12	54
-32	10	58
-30	40	40
-52	22	24
-32	2	34
-46	6	46
		
//Erhard et al., 2014; creative writing  > reading		
//Subjects=20		
-54	-3	48
10	-63	-21
-30	-50	60
-29	-93	-9
27	-90	-9
-51	18	-3
-3	15	42
57	12	33
-42	-63	-9
-15	-18	12
-21	-9	21
-24	-9	12
-27	-12	-24
		
//De Aquino et al., 2019; musicians: improvise > repeat		
//Subjects=19		
-6	-62	22
-32	-28	-12
30	-10	-20
-30	-36	-16
34	-50	-10
-24	-38	-10
36	-34	-12
44	-72	0
-42	-76	6
-64	-8	-14
-42	-54	24
-2	-48	34
6	40	-12
6	30	-10
56	-4	-16
		
//De Aquino et al., 2019; nonmusicians: improvise > repeat		
//Subjects=21		
44	-76	0
-26	-80	16
34	-36	-12
-26	-40	-12
34	-44	-12
-40	-38	-14
32	-22	-12
-32	-26	-12
		
//Dhakal et al., 2019; music improvisation: improvise > repeat		
//Subjects=24		
-9	5	68
-57	11	17
-54	11	29
-24	-10	53
30	-67	-22
		
//Chauvigne et al., 2018; improvised action > non-improvised action		
//Subjects=19		
-27.2	-12.66	55.2
1.28	0.19	54.15
-11.48	8.52	37.01
20.38	-18.36	58.64
-49.64	36.16	28.68
-49.52	1.29	27.74
48.67	3.84	3.68
-55.95	5.92	0.82
-17.49	-69.51	55.71
17.37	-62.51	61.68
-39.73	-53.74	58.09
-62.07	-40.4	20.68
1.22	-14.86	15.23
20.15	3.81	7.18
-24.19	-6.02	8.11
42.54	-73.68	-20.94
		
//Donnay et al., 2014; improvised > non-improvised jazz		
//Subjects=11		
-54	34	12
50	24	0
-60	12	24
50	14	4
-46	12	13
64	-24	2
0	16	54
8	24	54
52	-52	-24
-46	-24	-2
42	-52	18
-48	-42	58
58	-36	54
-12	-80	50
-50	-38	28
62	-26	46
42	-74	22
		
//Vartanian et al., 2018; alternative uses > object characteristics		
//Subjects=44		
-28	-34	42
24	-26	42
24	-48	22
-22	-68	46
22	20	26
-20	-24	22
26	-54	40
-22	-52	24
54	-22	42
-12	4	26
-20	14	32
-56	-20	40
-22	16	24
-30	-94	26
		
//Becker et al., 2020; greater semantic distance solution > lower semantic distance solution		
//Subjects=30		
-28	24	0
36	16	0
4	34	34
-12	-14	2
58	16	26
-22	38	32
-48	10	48
34	-56	38
66	-32	-6
		
//Wu et al., 2021a; remote association		
//Subjects=30		
0	-49	25
0	62	19
-9	5	7
45	-61	37
-42	-70	37
		
//Wu et al., 2021b; chinese compound remote association resolved > unresolved remote association		
//Subjects=60		
12	14	7
0	-46	70
6	-43	31
0	68	19
		
//Yu et al., 2021; high > low novelty + high > low appropriateness		
//Subjects=46		
36	-9	-21
-21	-9	-15
12	57	33
-54	3	-15
33	-3	-24
-21	-9	-15
		
//Danek et al., 2019; magic trick reasoning: correct restructuring > incorrect restructuring		
//Subjects=32		
-10	14	10
-2	-20	6
-12	2	-4
-48	-56	28
-52	-56	24
-34	-72	36
-38	-52	46
-56	-44	36
-54	-52	40
-6	36	54
-14	14	58
-30	12	48
-8	18	62
-12	6	56
-4	14	64
36	8	52
30	6	48
38	26	42
36	20	48
32	30	46
18	20	54
4	-70	42
10	-60	52
-6	-62	54
-14	-78	48
2	-68	2
-52	-34	-8
-60	-28	-6
-46	-48	-4
-48	-54	-6
-46	-56	-8
-54	-66	0
-30	20	4
-26	24	-4
-32	22	-8
-52	16	-6
38	-72	42
42	-68	36
42	-56	26
-38	32	20
-40	30	14
-42	48	12
		
//Ren et al., 2020; novel and useful > familiar and useful		
//Subjects=21		
-40	-46	-14
42	-72	22
34	-40	-12
38	-82	22
-4	-28	-4
-12	-16	-4
-6	-28	-12
-28	-4	-16
28	-2	-18
-24	-70	46
-38	-80	22
30	0	58
-52	8	34
-28	8	60
-48	6	24
50	6	32
42	0	38
64	-24	46
-20	-30	2
28	-68	-26
20	-72	-26
		
//Roberts et al., 2020; future simulation task: Incongruent > congruent		
//Subjects=27		
18	44	30
-66	-30	36
-24	-58	-16
22	-42	62
-68	-36	14
-24	-42	66
38	-24	6
-8	-14	32
-70	-14	4
		
//Zhang et al., 2020; high + low creative > ordinary (early binding + late integration phase)		
//Subjects=24		
-33	-36	-15
-9	-51	12
-21	21	48
-21	6	51
-45	-60	-12
-39	-39	-15
-33	-48	-15
33	-54	-18
39	-84	21
33	-33	-18
-48	30	15
-39	-3	48
-48	15	21
-18	-24	9
42	12	24
27	-6	-15
33	27	-3
		
//Cai et al., 2018; mentally create unique and valuable products using 3 of the previously described items: imagery - control		
//Subjects=16		
-12	-72	-9
-3	-54	6
-42	-12	-3
36	6	3
-48	-30	24
24	-45	0
24	-54	60
-15	-78	48
-33	-36	66
-39	27	6
24	-9	66
		
//Mashal et al., 2013; novel > conventional metaphors		
//Subjects=14		
47.48	40.6	1.17
-0.91	14.4	45.43
		
//Wu et al., 2016; number problem solving - multiple solution > baseline +  single solution < baseline		
//Subjects=20		
-8	20	56
-46	54	-12
31	-25	45
-5	-55	40
22	-61	52
-39	-31	4
53	-61	-8
5	17	0
-22	24	40
29	30	44
-5	61	8
5	51	-16
36	-17	48
-59	-4	-20
53	-24	-24
-22	-21	-20
29	-99	-4
		
//Beaty et al., 2023; hypothesis generation and synonym generation MVPA		
//Subjects=51		
-50	24	22
-2	16	48
-40	-2	34
-46	22	-6
8	-72	36
2	-48	20
-48	-44	2
-58	-34	2
62	-44	32
32	28	-2
0	-42	48
-8	-74	32
-34	-58	48
2	-90	2
		
//Park et al., 2015; figural TTCT incomplete figures: create > control		
//Subjects=20		
-32	24	-6
-2	22	42
40	32	6
-26	-56	40
-48	-56	-10
-30	4	62
30	-66	44
44	6	26
52	-52	-10
0	-18	6
46	-80	18
36	-42	-8
		
//McPherson et al., 2016; music improvisation: negative > control		
//Subjects=20		
-4	0	66
-52	12	32
-54	10	16
-54	10	20
4	14	64
//McPherson et al., 2016; music improvisation: ambiguous > control		
//Subjects=20		
-2	12	60
-2	-8	62
-54	8	12
-50	18	16
52	16	12
54	18	15
54	-26	0
//McPherson et al., 2016; music improvisation: positive > control		
//Subjects=20		
-56	10	34
-52	10	22
