//Reference=MNI152
//Warburton et al., 1996; generation of verb given a noun: generation > rest	(semantic - generation)	
//Subjects=9		
-55.82	-40.34	-13.77
-53.63	-40.8	12.89
-32.4	-54.25	31.44
-39.08	15.51	0.07
-43.29	27.33	21.48
-41.02	-0.98	41.16
-28.51	36.4	29.65
56.22	-35.95	7.47
47.56	16.24	-0.49
34.93	28.8	34.24
-5.14	14.3	44.35
-17.86	1.79	14.2
-15.7	-17.64	6.64
9.67	-15.06	10.75

// Birn, Rasmus M.; Kenworthy, Lauren; Case, Laura; Caravella, Rachel; Jones, Tyler B.; Bandettin, Peter A.; Martin, Alex 2010 verbal visual fluency>baselines		
//Subjects=14		
-41	27	20
-48	-54	-11
-6	0	10
-2	23	44
-35	2	49
-32	-66	37
-4	-27	-6
-8	-64	10
-21	18	44
-50	-66	30
-15	-52	0
-38	-26	12

// Hwang, K; Palmer, ED; Basho, S; Zadra, JR; Muller, RA 2009 verbal auditory (cues) fluency generation>production of word 'nothing'		
//Subjects=13		
-13	-15	14
-16	-4	11
-36	21	13
-3	24	37
-24	9	53
-8	-60	-1

// Gurd et al., 2002 VERBAL (cue only) AUDITORY (CUES ONLY) Category > Rote Fluency (da		
//Subjects=11		
-3	25	38
10	26	31
-33	45	23
38	53	19
-38	24	-17
42	28	-19
-37	8	27
9	-88	-43
	
//Badzakova-Trajkov et al., 2011; covert word generation > fixation	(semantic - generation)	
//Subjects=139		
-3	6	60
-45	9	27
-30	24	3
-51	-3	48
-48	24	24
-27	-93	0
-27	-63	45
0	-39	-3
33	-87	-3
33	-42	6

//Kircher et al., 2011; animal > silent rest		(semantic - generation)	
//Subjects=15		
-24.94	-63.57	-21.4
29.13	-69.55	-19.49
-6.89	12.25	53.71
8.24	12.3	53.45
-41.85	6.99	22.33
-32.71	6.4	61.45
-54.51	1.58	45.49
60.99	7.84	37.3
64.98	4.3	10.69
69.19	4.55	1.63
67.01	-22.98	-5.69
73.57	-24.56	-0.05

//Audenaert et al., 2000; semantic VF > recite month/days	(SC - generation)	
//Subjects=20		
-41.29	29.4	-13.52
-54.01	11.46	1.92
-4.97	-21.29	27.86
-5.19	13.19	17.73
20.97	21.53	36.63
-57.18	-63.5	-7.41
66.11	-52.24	2.82
		
//Weiss et al., 2003; phonemic VF > silent rest	 (semantic - generation)		
//Subjects=20		
-42.11	14.9	3.62
-50.62	37.8	19.43
44.15	13.96	-11.2
52.83	18.66	-7.33
5.92	18.81	42.76
-6.97	14.92	47.84
31.03	-65.99	-38.93
3.11	-78.02	-28.3
		
//Dye et al., 1999; phonemic VF > repeat noun/verb	(semantic - generation)	
//Subjects=10		
-35.34	12.74	26.13
-39.8	35.71	19.45
-35.72	38.32	1.2
-37.53	21.25	25.33
5.92	18.81	42.76
3.65	33.27	36.88
-4.8	25.98	51.19
9.69	-90.34	-22.71
-13.93	-10.53	5.66
-48.71	-60.35	-20.2
		
//Phelps et al., 1997; phonemic VF > repeat cue word	(semantic - generation)	
//Subjects=11		
-19.01	46.58	42.68
-23.31	35.72	41.58
-48.51	28.68	13.57
-2.81	26.87	37.63
5.67	22.36	23.36
-11.62	22.3	23.66
-45.26	34.21	15.21
5.77	29.67	32.72
		
//Schlösser et al., 2003; female - phonemic VF > count forward (semantic - generation)
//Subjects=6		
-55.1	34.41	6.39
-50.49	12.48	24.17
-50.6	18.24	16.88
-2.56	22.15	56.02
-52.25	-26.07	48.19
-43.61	-30.5	46.24
41.88	26.3	-16.87
-23.94	-52.79	59.32
27.59	-70.41	28.8
24.76	-66.68	-23.06
35.48	-60.68	-28.32
6.25	-50.97	54.14
-6.81	-40.8	48.87
-8.92	-31.68	54.73
-52.22	-63.06	42.88
-45.9	-48.98	32.42
-45.84	-57.28	35.48
60.1	-58.62	38.29
64.25	-51.13	26.27
51.29	-46.72	28.3
69.87	-5.05	-32.17
59.16	-15.3	-26.49
69.76	0.71	-39.46
	
//Schlösser et al., 2003; male - phonemic VF > count forward (semantic - generation)	
//Subjects=6		
-50.52	18.87	23.54
-48.5	33.14	15.37
-4.82	25.77	48.97
-23.81	-62.81	67.03
-23.9	-54.71	61.75
-28.26	-44.09	60.77
41.79	-61.9	-41.75
52.69	-69.96	-36.66
37.39	-84.44	-52.9
72.57	-14.06	9.02
72.74	-12.82	22.34
70.7	-14.12	31.47
-4.62	-42.71	51.27
-2.46	-33.99	52.61
-0.4	-45.65	42.52
-56.74	-55.82	28.8
-58.74	-52.45	41.94
-71.88	-29.72	33.2
		
//Abrahams et al., 2003; phonemic VF > repeat word rest	 (semantic - generation)
//Subjects=18		
-48.3	3.98	24.98
-48.26	11.95	29.79
-32.31	39.58	14.46
5.85	12.76	35.51
-39.52	9.41	36.62
-2.7	5.8	41.95
13.3	18.55	28.09
-2.62	6.43	48.61
-44.23	30.51	9.96
-36.17	1.43	42.95
-36.04	-11.77	50.98
-13.85	-4.48	12.9
-50.8	12.33	-0.46
-40.01	34.15	2.8
-6.26	28.59	21.83
-44.43	19.17	-7.97
-40.19	21.86	-13.91
34.77	36.18	20.38
-50.73	12.85	5.09
-3.09	-73.73	-5.08
-13.96	2.34	5.51
-19.89	-77.81	32.59
		
//Lurito et al., 2000; phonemic VF > fixation of a symbol (semantic - generation)	
//Subjects=5		
-61.32	-55.57	8.68
-59.22	-31.96	8.55
-48.71	-54.93	-19.61
-44.54	-58.91	52.43
-33.84	-58.54	44.36
-48.96	-45.41	47.81
-3.76	15.79	45.46
-3.53	-1.05	60.57
-56.19	16.77	1.44
-28.23	-61.76	-24.89
51.16	-46.59	18.2
44.32	25.09	4.5
39.29	39.88	36.74
36.54	-64.07	-30.24
30.79	-67.86	-58.91
		
//Brammer et al., 2000; phonemic VF > repeat word rest	(semantic - generation)
//Subjects=6		
1.87	-59.06	48.29
-45.09	12.5	24.08
-45.03	16.21	29.31
-41.69	11.53	36.44
-26.19	-65.54	49.41
1.56	20.71	40.4
		
//Hutchinson et al., 1999; phonemic VF > silently count forward	(semantic - generation)	
//Subjects=12		
-0.54	27.71	46.47
-39.68	10.39	24.2
-48.43	24.84	18.43
1.45	35.18	34.49
-26.06	-54.72	61.78
35.42	-58.97	-32.97
		
//Fu et al., 2001; phonemic VF > repeat word rest (semantic - generation)		
//Subjects=11		
-12.04	59.68	-1.32
-1.69	-72.41	20.54
-39.97	49.77	9.1
-34.34	48.26	27.08
46.56	37.73	13.3
50	31.54	27.3
-53.79	6.53	18.1
46.5	38.38	8.75
27.98	22.93	-6.21
38.88	37.94	4.44
-0.87	54.76	25.87
7.86	43.4	30.21
-64.36	-55.19	24.38
-61.38	-58.22	3.34
-63.33	-56.67	20.03
50.87	-47.71	-5.21
-61.44	-60.87	0
-68.65	-49.48	28.37
-55.59	4.87	46.31
16.37	7.43	12.33
29.1	23.24	-2.9
2.91	-73.61	41.87
-26.02	-81.72	59.97
-30.12	-87.11	-8.9
24.89	-79.89	-15.03
22.8	-82.67	-10.24
2.51	-86.4	8.4
24.85	-83.49	-19.16
-43.24	-77.35	-18.61
		
//Okada et al., 2003; phonemic VF > repeat word rest (semantic - generation)		
//Subjects=10		
-40.09	16.1	-6.62
-44.97	7.91	32.38
-39.73	4.56	19.17
-2.02	-20.16	5.29
-7.54	-29.83	-5.99
5.75	19.69	29.23
9.99	27.9	24.98
-5.17	29.76	22.81
		
//Curtis et al., 1998; phonemic VF > repeat word rest	 (semantic - generation)	
//Subjects=5		
4.97	18.67	52.87
-48.18	13.63	36.35
-45.41	13.41	-0.66
-4.81	-48.52	35.03
-33.15	16.25	29.11
-39.86	36.36	14.91
47.48	20.12	-2.9
-41.85	12.51	24.02
-36.03	3.64	55.06
		
//Nosarti et al., 2009; phonemic VF > repeat word rest (semantic - generation)
//Subjects=26		
13.17	-69.97	-0.13
-46.31	26.77	15.97
1.68	13.89	47.8
20.45	25.34	-2.96
		
//Halari et al., 2006; males - phonemic VF > repeat word rest	 (semantic - generation)
//Subjects=9		
-2	14	54
10	14	58
6	28	30
-50	0	48
-52	8	34
-52	14	20
6	-32	8
-4	-36	0
2	-16	6
-4	-72	-10
6	-70	-8
-18	8	1
		
//Halari et al., 2006; females - phonemic VF > repeat word rest	 (semantic - generation)	
//Subjects=10		
-42	18	-6
-12	4	20
44	18	-12
		
//Weiss et al., 2004; females - phonemic VF > repeat word rest (semantic - generation)
//Subjects=9		
-42	6	36
-22	12	54
52	20	4
46	10	32
44	44	27
-4	22	36
-26	-64	54
-8	-18	4
		
//Bonelli et al., 2011; phonemic VF > fixation cross	 (semantic - generation)	
//Subjects=22		
-44	22	24
-30	24	0
32	22	0
-28	20	-10
	
//Meinzer et al., 2009; phonemic VF > repeat word pause (semantic - generation)
//Subjects=16		
-50	14	-3
-53	10	30
-18	9	63
-15	-78	12
0	-23	15
-36	-41	2
33	-38	7
		
//Ragland et al., 2008; semantic VF > repeat word rest	 (semantic - generation)
//Subjects=14		
-28.12	52.9	7.47
46.69	40.89	24.19
-1.41	13.96	60.17
40.4	10.55	32.9
-34.65	20.79	-2.69
36.58	16.06	-11.28
39.71	-52.57	-33.68
		
//Kircher et al., 2011; semantic VF > silent rest	  (semantic - generation)	
//Subjects=15		
-24.94	-63.57	-21.4
-6.89	12.25	53.71
9.89	-86.66	-6.27
8.26	12.51	55.67
-68.99	-24.65	6.87
-50.18	-12.55	43.45
-66.93	-13.36	1.24
-26.04	-68.75	60.93
-28.36	-64.48	49.34
-17.55	-55.62	51.64
-17.38	-19.41	71.59
-41.42	-82.79	37.93
-42.51	-5.55	-31.33
-50.57	22.81	19.79
-54.77	20.43	29.06
				
//Krug et al., 2011; semantic VF > read aloud nouns   (semantic - generation)		
//Subjects=91		
-30.95	-56.76	17.25
-37.71	-40.26	-1.08
5.32	-5.43	-9.74
-29.35	23.27	-10.87
-7.12	28.02	38.71
				
//Basho et al., 2007; semantic VF > read the word nothing  (semantic - generation)	
//Subjects=12		
-12.73	-15.11	13.93
-16.04	-3.63	10.61
-35.53	21.17	12.97
-2.81	23.57	36.83
-24.18	8.89	53.22
-8.47	-60.47	-0.7
				
//Gaillard et al., 2003; semantic VF > silent rest	  (semantic - generation)	
//Subjects=29		
-5.06	-89.82	6.63
-54.71	15.43	32.92
-28.43	20.35	61.12
-50.99	24.05	-12.82
-0.47	26	51.12
-30.53	-68.95	47.58
-31.51	-45.61	-24.19
-25.99	-73.86	63.68
59.51	42.03	12.65
51.09	21.77	26.01
46.05	29.53	-28.46
-5.86	57.41	-25.86
34.15	28.66	54.75
-36.06	51.13	-22.48
				
//Meinzer et al., 2009; semantic VF > repeat word pause	  (semantic - generation)
//Subjects=16		
-50	14	-3
-42	7	27
-21	-75	12
-6	17	43
-6	28	32
36	-35	-3
-18	9	60
				
//Meinzer et al., 2012; semantic VF > repeat word rest	 (semantic - generation)
//Subjects=20		
-47.15	12.16	31.99
-1.79	31.88	33.75
-50.75	-46.35	-8.1
-27.36	-64.04	42.56
20.51	21.4	0.79
39.81	29.14	-9.27
-5.03	-90.68	8.95
-14.55	-91.39	24.87
				
//Audenaert et al., 2000; semantic VF > say aloud months/days
//Subjects=20		
-44.48	49.47	-5.36
-50.84	17.54	-2.09
-57.03	19.7	21.33
23.9	22.55	12.95
-4.93	-20.97	31.19
39.71	59.03	-11.1

//Rodriguez-Aranda et al., 2020; young group semantic fluency > rest (controlled for MMSE score and age)		
//Subjects=15		
42	-62	-24
10	-94	4
-10	-16	16
		
//Li et al., 2017; semantic fluency > fixation		
//Subjects=21		
-32	50	20
26	48	-8
30	42	26
-52	-2	52
42	16	2
-46	2	40
58	2	46
-2	12	50
-40	4	26
		
//Li et al., 2017; phonemic fluency > fixation		
//Subjects=21		
-30	48	24
6	4	68
42	40	38
-37	24	-4
38	36	26
-34	-18	72
42	8	30
-4	10	52
-24	20	20
-10	-98	-6
16	-88	-10
		
//Gawda and Szepietowska., 2016; phonemic fluency > fixation
//Subjects=35		
34	-66	-58
-18	6	6
-18	6	8
-4	10	48
-42	6	26
-44	6	24
22	-78	-52
28	-68	-58
-4	10	50
-42	6	26
28	-74	-54
-54	-52	-20
-22	8	6
-44	6	24
		
//Gawda and Szepietowska., 2016; semantic fluency > fixation	
//Subjects=35		
32	-68	-26
8	-80	-28
-4	12	46
36	-66	-56
-4	12	44
-56	16	-8
36	-64	-56
-46	6	32
38	-60	-32
-46	26	22
-40	6	28
-52	-58	-30
38	-60	-32
26	-98	10
-2	12	52
38	-82	-12
-56	16	-6
-28	20	4
34	-68	-54
38	-74	-26
		
//Marsolais et al., 2015; main effect of task (semantic/orthographic fluency > name month of year)		
//Subjects=28		
-21	24	-15
21	21	-12
-6	12	48
42	-75	24
15	-60	30
9	-51	39
3	-48	51
57	-51	30
50	-36	39
3	27	-3
3	33	-9
-42	9	27
45	18	-27
-9	-66	36
0	-45	9
-3	-54	15

//Gourovitch et al., 2000; phonemic fluency task > control	
//Subject=18		
-34.87	17.38	-4.52
-49.6	16.51	17.82
-37.04	48.13	15.58
41.21	15.91	-4.87
26.41	40.79	24.59
-5.25	32.4	29.79
-3.02	16.69	48.61
-13.58	-17.62	6.63
-11.36	-65.45	-16.75
39.34	-72.14	-29.91
-47.35	-55.79	-26.08
//Gourovitch et al., 2000; semantic fluency task > control	
//Subjects=18		
-41.17	22.88	17.33
-38.97	11.37	35.87
-34.9	23.68	-4.95
34.86	15.59	-9.25
-5.25	32.4	29.79
-0.89	14.87	53.16
-3.06	-9.4	1.56
39.35	-74.24	-29.76
-47.35	-55.79	-26.08
-5.12	-33.34	-10.1

//Haller et al., 2005, SVO sentence generation > word reading	
//Subjects=15		
-45.33	20.52	6.48
-29.54	-53.2	43.76
-20.8	-64.46	49.21
-65.65	3.4	19.73
-4.54	8.19	67.52
-60.17	16.06	28.47
2.66	19.75	41.6
39.87	14.25	-7.8
40.04	31.97	9.5
//Haller et al., 2005, SVO sentence generation > sentence reading	
//Subjects=15		
-44.2	18.71	10
0.54	16.76	44.17
-55.97	-46.09	6.53
-19.69	-64.24	51.41
44.32	13.08	2.33
29.13	-24.25	74.64
50.59	-25.32	62.05
				
//Kemeny et al., 2005; sentence that must contain a verb > syllable		
//Subjects=6		
33	24	-24
-48	21	-18
36	15	-3
-36	15	-3
-48	21	-12
-3	12	63
54	-39	-3
-54	-39	0
27	-81	-30
-6	-51	-36
				
//Troiani 2008, narrative (unconstrained) > story viewing (during nonsense word production)		
//Subjects=15		
-41.52	8.42	49.08
-26.5	-75.48	23.5
-35.4	-75.25	3.46
38.45	-78.67	31.68
41.61	74.6	-28.36
				
//Tremblay et al., 2011; describe an object (line drawing) > picture viewing		
//Subjects=21		
-32.15	-95.96	-0.15
-50.35	-8.37	30.72
-30.56	-68.1	45.25
-3.48	9.15	66.28
-34.26	-34.33	16.2
-42.3	37.57	-6.46
-59.22	-47.26	5.58
-60.02	-45.19	27.8
-66.83	-25.81	5.83
37.04	-95.41	1.98
57.59	2.23	23.35
64.85	-12.04	-3.38
54.22	-34.85	5.78
8.32	16.22	60.9
15.32	-94.08	-5.62
49.76	-65.45	-11.28
22.58	-58.7	62.47
18.17	-85.69	49.53

//Grande et al., 2012; unimpaired language (picture description task) > baseline		
//Subjects=18		
34	-72	18
-54	-8	26
44	-10	36
-26	-86	10
-28	-48	-18
50	-30	6
0	8	54

//Menenti et al., 2012; semantics, words, syntax (table 1)
//Subjects=20		
-48	-66	6
-38	-58	14
56	-66	0
44	-64	20
52	-56	6
6	-56	54
-8	-62	52
-20	-68	50
-4	-50	16
8	-50	14
-6	-44	0
-46	-50	-14
-38	-38	-20
-46	-52	2
36	-56	-20
-6	58	30
-50	0	48
-2	54	-8
-2	42	-18
-42	2	48
-38	-2	56
-50	8	34
-46	-60	-12
-42	-46	-12
-58	-54	8
-36	-52	54
-42	-44	50
-24	-72	42
-44	42	0
-42	44	10
				
//Menenti et al., 2012; sense suppression and reference suppression		
//Subjects=24		
-34	18	24
-50	28	26
-38	26	26
50	-66	20
42	-74	26
60	-60	12
-42	-68	20
-54	-66	18
-30	-78	32
4	-58	24
2	-54	40
-10	-50	52
			
//Geranmayeh et al., 2014; speech > counting		
//Subjects=24		
-11	20	50
-44	9	32
-51	26	18
-52	22	19
-54	15	30
-42	7	50
37	-81	10
39	-72	-10
-37	-87	6
-39	-60	-14
-39	-65	-9
-32	-45	-17
				
//Schonberger et al., 2014; simple complete > simple incomplete		
//Subjects=15		
-62	-42	4
-58	-70	14
-54	-70	38
-60	-50	10
-56	-68	26
-56	-42	36
-56	-58	28
-44	-76	24
-58	-52	-2
				
//Matchin et al., 2016; sentences > word lists		
//Subjects=20		
33.89	25.62	33.76
-30.01	-90.64	-0.71
-27.77	30.31	29.87
42.66	-8.38	36.98
		
//Okayasu et al., 2023; stroop: incongruent > congruent (overt speech)		
//Subjects=33		
-50	12	32
-36	14	24
-42	6	54
48	36	26
-36	28	20
-2	6	60
50	46	-10
4	24	42
-32	-6	66
24	40	-20
-24	0	52
44	10	44
-48	42	2
10	20	68
-22	40	-20
6	28	26
8	6	68
-38	50	-14
48	16	14
30	62	-16
-50	14	0
-36	42	6
-48	-38	46
-48	-60	-12
36	20	2
-34	16	0
-2	-26	30
-4	-12	32
48	-38	46
-58	-50	-6
56	-40	-10
68	-32	-10
-46	-44	-14
68	-50	-6
60	-56	-16
56	-36	56
-26	-68	-50
-36	-56	50
-28	-72	30
32	-56	44
-10	-70	52
32	-66	62
12	-68	42
-32	-24	72
-32	-24	58
-34	-86	-10
30	-94	-4
38	-86	-8
44	-72	-10
28	-68	-46
34	-64	-28
2	-64	-26
-32	-60	-26
0	-64	-14
12	-78	-34
6	-78	-18
20	-66	-22
-32	-64	-46
-8	-80	-22
-18	-64	-26
0	-50	-20
2	-46	-6
-28	-76	-48
-44	-60	-28
-2	-74	-32
12	-62	-42
14	-52	-16
-10	6	2
36	-54	-48
10	-54	-30
12	2	4
2	-18	-16
14	-4	20
-12	-18	2
-16	-14	22
8	-10	0
		
//Afyouni et al., 2021; adult antisaccade > prosaccade		
//Subjects=19		
12	-66	60
-10	-80	-4
52	-72	16
16	-60	58
32	-2	52
-24	-6	58
-36	38	32

//Verdolini et al., 2023; stroop: incongruent > congruent		
//Subjects=48		
-44	8	24
-12	-56	-20
-26	-54	36
34	-58	-34
		
//Jalalvandi et al., 2020; stroop: incongruent > congruent		
//Subjects=20		
30	23	8
-45	17	2
6	47	-13
63	-46	17
-39	2	41
45	20	26

//Duggirala et al., 2022; flanker: incongruent > congruent		
//Subjects=23		
16	0	76
22	-6	62
-20	-64	52
14	-56	52
22	-70	50
32	34	24
-52	0	12
-8	14	36
28	-60	-28
		
//Bernal & Altman, 2009; Incongruent > congruent		
//Subjects=18		
-51.77	22.11	6.35
-55.85	4.79	34.2
-.85	2.13	51.81
-55.78	-44	-4.64
-3.05	-6.89	8.05
-58.08	6.54	-5.86
-23.83	-76.61	44.02
47.47	32.5	-10.48
31.1	-94.72	16.08
-13.27	-58.09	69.33
-34.46	-57.52	47.22
70.85	12.9	10.7
-32.3	-95.39	14.28
-28.3	0.07	56.56
58.11	11.45	-11.32
-.99	33.11	40.81
-49.65	10.82	-6.21
-1.06	31.48	14.29
3.33	10.3	46.79
-30.34	-73.88	-13.84
32.73	17.54	-11.59
7.53	-13.24	6.2
-15.76	-3.07	3.42
3.27	29.35	47.71
3.19	27.59	18.97
62.51	-32.51	-6.12
39.34	-58.59	-15.3
5.38	33.84	51.83
-59.88	-45.53	39.89
-2.98	8.55	53.61
-59.95	-65.45	-9.8
56.14	10.2	37.61
20.07	17.84	-4.88
-21.75	-84.25	22.34
-32.31	-79.6	30.96
45.82	-91.75	-6.4
28.95	-88.71	11.24
73.2	-43.26	23.41
-51.59	-10.42	26.34
-9.45	7.63	4.87
	
//Aarts et al., 2008; Incongruent > congruent (uninformed); incongruent > congruent (informed)
//Subjects=12		
7.52	11.63	33.36
-30.61	9.08	-2.87
39.25	2.44	33.8
-5.05	0.54	60.83
-24.05	-6.13	58.07
23.49	-2.38	60.86
4.45	-20.32	28.9
-46.11	-41.18	57.27
-36.65	-42.12	40.63
-55.68	-49.39	27.92
-62.06	-29.93	36.61
64.7	-29.48	25.85
-14.33	-62.98	58.57
17.38	-65.66	61.9
26.83	-49.83	60.76
-23.83	-73.12	49.33
11.02	-49.15	74.12
14.13	-64.36	31.86
33.13	-54.34	37.72
48.94	-65.29	11.74
-62.06	-50.46	11.38
-27.08	-68.06	29.03
-23.85	-76.88	39.6
36.35	-73.63	32.37
-1.69	-73.95	32.61
-8.1	-86.1	-9.8
20.5	-101.41	-5.59
4.63	-88.33	3.59
-11.48	-18.93	2.26
17.02	-9.23	1.43
23.4	-59.57	-46.21
10.62	6.47	0.4
				
//Aarts & Roelofs, 2011; Incongruent > congruent (following congruent-predicting cues)		
//Subjects=20		
7.54	18.94	49.5
7.41	36.64	28.32
-37.15	66.16	-0.08
48.45	57.01	-6.62
-30.66	21.68	-3.73
35.9	22.04	-7.48
-55.92	16.99	26.7
48.73	15.53	39.51
-30.4	-6.38	54.79
54.87	14.27	-33.7
58.27	-28.41	-7.49
61.48	-51.46	-22.57
4.47	-23.27	32.43
4.65	-66.99	42.09
36.29	-50.96	40.8
-30.27	-51.52	41.23
-30.46	-59.54	-38.13
32.94	-58.81	-35.22
		
//Basten et al., 2011; Incongruent > congruent		
//Subjects=46		
-42	6	30
42	6	26
52	18	4
2	16	48
-30	-62	42
36	-46	42
56	-48	-14
-48	-62	-16
-16	2	2
12	6	0
12	-76	-28
		
//Becker et al., 2008; Incongruent > congruent		
//Subjects=17		
1.23	10.42	49.01
-47.43	19.06	42.05
-51.7	21.37	28.6
-47.62	40.92	2.82
-43.99	-51.3	46.85
-41.07	4.71	30.79
-44.31	16.62	18.89
-41.22	17.19	-6.69
52.79	20.72	-14.15
	
//Brass et al., 2005; Incongruent > congruent (Stroop)		
//Subjects=10		
0.17	12.65	51.09
47.65	14.98	30.67
-42.19	20.4	28.61
50.72	12.64	-8.03
9.65	-5.2	16.74
-35.68	-58.03	-12.67
38.34	-73.17	-12.07
	
//Coderre et al., 2008; Incongruent > congruent (kana); incongruent > congruent (kanji)		
//Subjects=9		
10.66	17.96	32.9
-5.18	24.74	42.52
42.38	5.01	23.62
-46.14	-45.15	44.22
-5.2	24.33	35.89
10.64	27.61	35.57
-5.09	6.44	53.76
-49.53	7.8	30.63
	
//Compton et al., 2003; Incongruent colour > neutral		
//Subjects=12		
-43.34	39.81	18.41
-49.56	12.98	29.16
-24.13	10.34	51.39
-30.28	-42.51	50.6
-32.35	-80.41	17.7
		
//Fan et al., 2003; Incongruent > congruent (Colour Stroop task)		
//Subjects=12		
53.78	38.59	-15.38
-51.42	-38.35	52.66
-2.74	-56.71	55.86
-26.58	59.33	-9.67
68.96	-29.75	38.05
45.58	-21.74	-.1
54.22	-44.85	34.73
-39.11	30.9	10.11
-43.17	-24.71	-1.59
-13.26	-81	39.82
43.42	25.21	43.31
5.66	-87.75	-4.22
45.46	-4.18	-23.5
-3.18	42.78	26.85
		
//Grandjean et al., 2013; Incongruent > congruent (general interference effect)		
//Subjects=25		
-38	-44	46
-54	16	36
-48	4	48
-44	12	28
-40	-50	-22
-36	-64	-18
-40	-84	-18
	
//Jeong et al., 2005; Interference > facilitation		
//Subjects=10		
-2.2	43.07	-3.15
-17.81	12.09	44.57
-17.48	-65.89	63.23
-39.74	-44.93	64.14
-46.18	-27.8	51.91
-27.18	-17.78	57.77
-20.84	-63.53	-1.29
-11.19	-57.84	55.98
53.89	5.68	-18.67
	
//Kerns et al., 2005; Incongruent > congruent		
//Subjects=13		
3.29	18.37	40.69
-28.3	0.01	55.45
47.96	-47.55	60.48
-38	26.4	22.62
45.46	29.19	21.94
60.55	-48.29	29.38
-59.94	-46.88	17.78
42.16	51.2	2.7
19.22	-31.14	5.14
-58.89	-52.81	7.08
-15.72	-14.76	2
53.86	26.73	-2.36
-46.54	26.4	-10.62
		
//Kim et al., 2010; Perceptual incongruent > perceptual congruent (perceptual conflict); response incongruent > response congruent (response conflict)		
//Subjects=12		
35.11	-2.41	58.57
-27.23	-2.87	60.08
-9.4	19.11	37.38
-20.7	-64.83	46.53
28.99	-67.16	53.05
5.37	26.72	38.99
41.33	7.23	25.69
-41.17	27.62	25.89
-43.99	-44.38	56.36
17.37	-61.46	61.61
26.37	23.92	-9.77
	
//Kim et al., 2012; Incongruent > congruent (conflict)		
//Subjects=16		
49	14	2
-32	26	6
42	9	32
39	29	36
8	9	48
-15	-12	70
-44	-1	34
6	11	41
28	-53	43
-41	-43	46
-31	-52	38
-57	-42	35
48	-48	29
26	-69	32
52	-53	6
34	10	2
-32	12	1
-8	1	10
8	3	10
-20	1	13
12	2	3
12	-8	6

//Mayer et al., 2012; Selective attention incongruent > selective attention congruent 		
//Subjects=24		
3.15	36.77	13.9
1.19	16.32	41.95
18.2	-1.44	59.72
-35.73	1.5	46.51
39.09	21.42	-.8
-38.04	18.6	-1.26
-51.51	-43.93	13.09
-56.87	-18.29	19.14
-28.16	-43.54	50.66
-10.15	-65.08	40.93
-26.02	-66.94	30.06
10.95	-78.35	10.64
5.38	-10.79	-5.05
9.78	-68.43	-16.67
		
//Mead et al., 2002; Incongruent > congruent		
//Subjects=18		
-45.3	5.66	29.64
		
//Melcher & Gruber, 2006; Incongruent > congruent (Stroop)		
//Subjects=9		
15	9	42
-45	3	0
-42	-18	66
24	-21	12
6	-87	39
-6	-75	42
24	-42	-45
36	-63	18
		
//Milham et al., 2002; Young- Incongruent > congruent and neutral (conflict)		
//Subjects=12		
3.2	36.8	31.66
5.38	22.52	39.28
-43.28	32.08	30.04
-47.45	17.34	31.07
-41.04	7.83	47.22
-38.68	-43.73	66.28

//Milham et al., 2005; Incongruent > congruent (conflict)		
//Subjects=18		
37.1	-34.07	-28.06
-11.42	-23.37	15.89
9.62	-16.14	-6.93
-40.98	-52.82	-13
-26.08	-82.11	-11.08
-17.71	-56.56	-8.44
37.33	-81.31	-7.07
54.1	-52.3	-18.03
60.42	-38.83	-5.67
3.51	-72.51	3.63
26.74	-65.75	7.47
-26	-66.4	38.9
-32.4	-47.27	42.06
3.54	-53.41	40.05
58.43	-45.22	28.07
37.34	-48.92	39.55
-30.8	59.57	-5.22
-36.97	17.77	2.12
-43.2	8.97	31.62
39.02	30.2	-12.5
43.4	17.69	23.85
7.45	23.83	25.86
-3.03	18.79	48.47
		
//Nakao et al., 2005; Incongruent > congruent (control)		
//Subjects=14		
45.41	15.41	-13.74
36.95	22.05	-7.49
39.05	21.52	-16.34
56.1	18.34	32.61
47.62	19.96	25.89
45.61	11.06	53.15
38.97	60.96	7.6
41.18	47.36	26.27
-51.67	15.2	31.24
-45.44	30.98	12.37
-45.35	12.61	22.5
-.99	30.87	38.75
-5.17	24.94	45.84
7.43	32.5	29.71
18.06	1.96	11.76
-15.75	-.56	9.91
-7.24	-19.81	4.52
35.32	-62.7	56.04
37.35	-48.65	43.97
-25.96	-60.84	60.71
-19.59	-69.33	59.04
-34.44	-52.51	60.19
-34.44	-91.34	11.8
-28.09	-81.93	26.65
41.42	-56.88	-22.08
37.23	-72.3	-32.1
45.63	-61.86	-35.09
	
//Ochsner et al., 2009; Incongruent > congruent (semantic); incongruent > congruent (affective)	
//Subjects=16		
-36	22	28
32	-6	44
10	-10	58
14	40	30
-56	20	24
36	22	16
-38	-6	42
34	2	28
58	-10	44
-16	12	50
-16	14	34
-8	22	46
-6	-6	40
-40	-66	50
-38	-26	-16
-32	-66	36
14	2	58
-8	38	44
-10	30	38
-6	16	52
-34	16	-8
58	22	20
-4	10	22
16	16	32
16	20	44
12	-16	32
50	14	-8
14	-64	38
6	2	22
	
//Peterson et al., 1999; Incongruent > congruent		
//Subjects=34		
17.05	-8.29	16.91
-13.68	7.66	6.01
-14.64	-8.55	17.11
8.65	-22.01	17.9
-7.2	-22.15	18
-23.36	45.84	-6.54
22.08	53.13	2.68
23.16	53.75	12.62
20.03	50.13	22.88
-45.43	38.03	24.09
-44.34	34.44	34.32
47.49	39.69	3.45
46.49	39.84	23.43
-52.76	11.09	15.99
-48.48	11.29	35.93
52.93	11.53	25.33
-6.31	29.95	24.41
-6.25	22.15	34.94
8.48	30.07	24.32
-50.45	-54.19	0.47
-51.71	-1.67	-3.12
-27.06	-85.95	12.5
-19.6	-93.69	22.97
-17.53	-75.2	31.68
-19.6	-79.86	42
31.06	-86.52	12.19
21.6	-93.34	22.7
20.5	-74.88	31.44
21.61	-80.57	41.81
-13.47	-53.88	0.23
-14.32	-72.91	51.48
16.32	-72.65	51.28
-51.72	10.49	6.04
-50.51	-9.73	37.38
53.93	11.37	5.35
53.04	-9.92	36.78
-52.51	-46.08	29.89
-41.88	-50.03	50.08
55.26	-45.18	29.2
45.82	-49.29	49.51
		
//Piai et al., 2013; Incongruent > congruent (Stroop task)		
//Subjects=23		
36	22	-14
38	28	2
12	10	8
14	12	-6
16	-6	10
		
//Purmann et al., 2015; Incompatible > compatible		
//Subjects=18		
42	13	-5
48	8	22
-44	9	6
-32	-8	56
-30	-51	42
1	12	48
-4	-60	44
	
//Roelofs et al., 2006; Incongruent > congruent (word task)		
//Subjects=12		
-3.13	34.79	34.05
-7.4	40.51	24.81
-8.25	18	70.75
-6.1	5.27	69.39
-19.87	-1.38	48.84
-22.22	53.54	32.88
-47.51	15.98	8.96
58.11	33.16	16.05
-51.46	-38.11	39.33
47.9	-37.58	50.92
0.02	25.19	14.71
	
//Terry et al., 2012; Incongruent > congruent (Stroop task)		
//Subjects=20		
-30	-63	42
26	-57	40
30	-81	15
-3	-61	39
36	-82	-3
		
//Ye & Zhou, 2009; Incongruent > congruent (Stroop task)		
//Subjects=19		
0	16	50
-38	28	0
-44	14	22
-40	-46	52
-40	-86	-6
-42	-56	-32
-50	-54	-20
40	22	8
32	30	-14
50	14	2
38	-86	-6
34	-86	4
44	-50	-28
54	-50	-22
	
//Zoccatelli et al., 2010; Incongruent > congruent (colour-word Stroop task)		
//Subjects=10		
1.17	7.81	23.67
6.47	15.38	43.09
45.8	-47.53	43.84
-33.42	-61.41	35.27
48.68	17.87	26.03
-43.19	7.85	30.58
35.82	47.65	-2.57
-27.57	54.04	7.35
39.06	25.21	-7.71
-30.65	18.53	-3.52
-59.01	-36.3	-16.24
42.52	-70.93	-27.79
-20.96	-52.75	-31.99
		
//Zysset et al., 2001; Incongruent > congruent		
//Subjects=9		
-37.91	7.89	30.55
-29.34	-54.62	-9.61
34.04	-51.01	-11.34
-13.28	-103.26	3.61
		
//Kelley et al., 2013; Incongruent > congruent		
//Subjects=15		
33	11	-2
		
//Yoon et al., 2012; Incongruent > congruent		
//Subjects=17		
-15	-97	-2
9	-91	-11
			
//Berron et al., 2015; Incongruent > congruent (flanker)		
//Subjects=24		
-4	32	54
50	18	27
0	-48	43
2	-42	48
4	2	1
-4	8	-2
6	20	-5
0	-44	-2
12	-34	-5
-4	-22	9

//Böckler et al., 2016; Incongruent gaze cues > congruent gaze cues		
//Subjects=21		
-26	-2	54
-36	12	34
26	4	50
50	16	34
-42	-42	50
38	-66	26
-38	-70	20
		
//Brass et al., 2005; Incongruent > congruent (Imitation-inhibition)		
//Subjects=10		
2	54.01	2.74
-41.31	46.94	-3.18
44.42	6.69	-.93
-.77	-25.79	43.74
59.51	-51.45	29.6
-2.7	-69.52	53.4
-35.46	-69.8	53.61
43.63	-76.48	-15.21

//Christakou et al., 2009; Incongruent > congruent		
//Subjects=63		
-30.65	20.83	-.35
39.06	24.16	-7.64
-37.09	51.59	3.14
-3.01	3.34	37.32
-40.88	-40.05	40.51
		
//Fan et al., 2003; Incongruent > congruent (Flanker task)		
//Subjects=12		
24.7	-34.26	74.13
-34.99	57.97	3.8
28.86	-65.73	7.45
-32.48	-12.57	57.45
66.81	-26.1	28.93
-7.38	31.84	20.96
-15.56	-60.2	0.68
-62.13	-14.44	31.11
-.92	21.18	52.73
58.37	-55.79	-6.72
-36.76	-34.49	10.14
-40.86	-72.89	3.91
22.06	60.69	5.49
14.13	-43.7	59.3
	
//Fan et al., 2012; Incongruent > congruent		
//Subjects=12		
26	-48	52
22	-62	58
36	-40	52
50	20	-4
34	26	0
36	24	-12
-42	-68	-12
-36	-62	-28
-44	-82	-4
36	-76	8
34	-84	6
38	-84	-4
-34	18	-10
-42	16	-6
-34	22	-2
4	16	46
4	22	34
-8	2	52
-30	-10	52
-26	-6	46
-34	-8	42
26	0	52
44	0	44
40	-2	52
30	-66	34
28	48	16
30	52	26
-26	-50	52
-10	-56	58
-24	-44	46
54	14	32
48	24	22
44	2	34
-38	-34	42
-36	-38	58
	
//Frühholz et al., 2011; Flanker incongruent, Simon incongruent (FiSi) </> Flanker congruent, Simon congruent (FcSc)		
//Subjects=24		
10	12	40
-28	-12	56
30	-4	64
42	54	13
60	6	35
50	8	3
36	20	0
-64	-32	27
-54	-20	48
-64	-26	11
-26	-96	-3
-32	-80	-13
-36	-68	-16
36	-76	-16
2	-28	-8

//Georgiou-Karistianis et al., 2012; Incongruent > congruent		
//Subjects=14		
4	17	53
-2	16	51
48	10	40
-49	9	37
53	14	18
-51	7	22
0	-17	33
36	21	4
-34	25	4
14	-68	58
-15	-70	59
41	-53	52
-43	-42	48
44	-79	-3
-43	-79	6
5	-21	5
-6	-15	9
11	1	14
-11	7	11
3	-62	-15
-10	-59	-16
22	-65	-25
-26	-62	-25
40	-70	-25
-38	-69	-25
10	-79	-37
-8	-77	-37
	
//Hazeltine et al., 2000; Incongruent > congruent		
//Subjects=8		
56.08	15.69	23.91
-17.74	4.77	62.83
-23.92	-30.46	74.16
-45.12	-30.16	47.63
		
//Kellermann et al., 2011; Incongruent > congruent		
//Subjects=15		
0	-80	-22
22	-76	52
-34	-66	-24
36	-70	-26
38	-50	-34
-10	16	60
44	-32	42
-20	-22	16
42	-86	6
	
//Kerns, 2006; Incongruent > all trials		
//Subjects=26		
-6.16	7.27	50.38
-45.03	-50.9	53.49
44.73	-35.1	57.43
-41.17	34.26	30.98
35.93	42.4	32.19
		
//King et al., 2012; Incongruent > congruent		
//Subjects=25		
-30	-12	58
-6	0	56
-40	-46	48
42	-48	44
-26	-66	38
52	4	36
-36	24	22
42	16	-10
54	-56	-16

//Korsch et al., 2014; Young- FiSi > FcSc		
//Subjects=20		
34	34	-8
30	52	-11
56	6	42
12	22	-8
32	-38	72
36	-92	-5
-36	-74	-16
-30	-98	-8
6	12	8
		
//Leibovich et al., 2016; Incongruent > congruent		
//Subjects=19		
-3.07	23.64	41.48
-41.04	-2.71	30.18

//Liu et al., 2004; Incongruent > congruent (Simon)		
//Subjects=11		
-12	44	0
-34	36	10
32	60	26
30	42	44
12	32	62
26	18	36
-12	-66	74
-36	-44	70
22	-62	74
-46	-36	28
30	-80	-12
-16	-52	-6
-46	-78	34
48	-78	34
-14	-96	20
42	-10	-32
-36	-20	-20
32	-38	-2
-48	-54	-10
-64	-14	-26
58	-68	-2
-56	-26	-4
-44	-56	8
42	-60	8
44	-26	18
-38	22	-30
-32	0	-26
-36	-20	16
36	-10	-2
34	-12	16
-4	-30	72
-44	-32	68
40	-20	64
36	-18	50

//Rusted et al., 2013; Incongruent > congruent		
//Subjects=40		
40	0	45
16	-72	65
-18	-74	65
6	-68	51
10	10	73
		
//Siemann et al., 2016; Incongruent > congruent (all cue types); incongruent > congruent (valid cues)		
//Subjects=19		
-23.88	-54.86	54.74
-26.21	-4.99	42.46
-23.86	-56.69	59.31
24.76	-59.3	61.42
54.08	-37.9	-6.81
-45.12	-73.53	-6.01
-18.15	61.3	-13.18
-40.92	-49.03	14.49
-15.37	-68.31	57.83
-24.11	-.64	44.37

//Ullsperger & von Cramon, 2001; Incompatible correct > compatible correct		
//Subjects=9		
5.35	33.16	40.77
5.38	23.64	40.32
-4.04	0.58	44.17
31.72	19.66	6.03
47.71	-1.83	31.82
52.97	8.92	34.38
40.3	5.73	35.79
49.76	12.69	27.49
44.43	14.79	10.73
53.93	14.66	7.35
31.69	16.82	-5.99
47.47	36.98	-6.35
-34.85	19.1	6.46
-35.9	10.01	-4.01
-31.62	-2.42	-.97
24.26	48.06	22.99
49.7	29.43	25.23
41.2	37.5	20.29
-38.06	43.2	21.47
-35.63	-24.76	48.31
44.76	-44.83	53.65
5.52	-23.53	28.01
11.64	14.75	-2.4
9.69	-31.63	-1.43
27.65	-31.48	-1.55
-13.57	-19.66	7.88
-10.43	-22.47	-4.16
50.05	-70.98	22.12
15.06	-60.56	-9.47
3.44	-58.15	-2.91
25.56	-49.45	-19.17
-9.23	-62.66	-5.85
-32.5	-68.14	-23.1
-25.02	-84.27	-12.05

//vel Grajewska et al., 2011; Incompatible > compatible		
//Subjects=18		
-38	24	10
-32	-14	70
-38	-2	62
-56	-18	16
22	-52	-30
-40	-34	44

//Zhu et al., 2010; Younger- Incongruent > congruent		
//Subjects=22		
52.88	21.84	21.29
32.93	6.28	45.78
27.64	11.83	50.98
38.86	78.93	-9.17
34.69	90.58	26.68
30.6	62.99	41.91
34.61	85.19	-9.58
28.37	78.43	18.67
	
//Zoccatelli et al., 2010; Incongruent > congruent (arrow-position Stroop task)		
//Subjects=10		
7.28	53.92	0.5
-5.09	6.44	53.76
10.86	-46.09	20.64
-36.58	-57.67	45.02
-33.74	23.69	29.44
26.41	22.36	-.79
-27.47	15.2	-6.64
51.99	-37.31	3.15
-23.87	-80.85	26.56
-4.9	-85.46	0.12
-43	-66.67	2.39
-52.56	-30.05	33.23
26.67	-77.97	-37.2
	
//Mennigen et al., 2014; Incongruent > congruent		
//Subjects=185		
-24	-57	60
-39	-84	-3
-27	-78	24
-24	-9	57
-3	-3	57
-42	-3	36
9	6	48
12	3	69
39	-72	-9
42	-81	-6
18	-66	54
15	-15	12
-12	-21	9
-27	3	3
		
//Rodehacke et al., 2014; Incongruent > congruent		
//Subjects= 213		
-42	-72	-9
45	-75	-9
30	-6	54
33	-51	-27
-24	-9	60
15	-15	12
-18	-63	57
21	-66	57
-39	-39	45

//Sylvester et al., 2003; Incompatible > compatible (Experiment 1)		
//Subjects=14		
11	-68	45
38	-56	50
-38	-41	45
26	0	55
-30	4	55
56	22	40
-49	26	40
-34	-75	20
-30	26	10
15	19	35
-8	11	50
		
//Sylvester et al., 2003; Incompatible > compatible (Experiment 2)		
//Subjects=14		
22	-52	60
-22	-49	60
26	-45	50
-38	-38	40
30	0	50
-19	0	50
22	49	10
-26	49	15
-8	11	50
15	-15	25
-11	-4	25
-11	-19	20

//Mulder et al., 2008; Unexpected stimulus > expected time; expected stimulus > unexpected time; unexpected stimulus > unexpected time		
//Subjects=12		
43.28	20.64	-14.09
9.59	25.44	34.62
43.24	51.68	10.43
-37.01	48.87	27.74
47.75	-44.46	-9.65
63.53	-18.5	-1.54
-19.93	-57.96	-48.29
39.06	25.28	-6.61
47.69	-23.04	-4.46
1.46	-88.15	6.93
34.79	31.08	-14.75
5.34	34.01	37.39
9.54	42.65	40.1
39.22	23.55	51.22
-56.72	-49.2	31.24
67.94	-43.95	30.15
		
//Gaillard et al., 2020; stop signal: signal Inhibit (i.e., successful stop trial) > go		
//Subjects=48		
62	-38	6
44	2	44
20	10	-6
-46	-30	10
-14	-74	-28
		
//Cao & Cannon, 2021; stop signal: correct response in stop signal > hit (i.e., successful concurrent cognitive control)	
//Subjects=119		
64	-22	6
-58	-32	10
-42	-28	8
-32	24	0
-32	18	10
6	18	44
16	6	66
-40	-2	46
-10	-94	-2
18	-88	-6
-12	-28	-6
6	-22	-4
-6	-48	52
-2	34	20
-40	12	24
		
//Swann et al., 2012; Maybe stop_go > noStop_go		
//Subjects=16		
28	44	20
8	18	36
36	24	-2
40	22	-6
8	22	42
6	24	54
48	18	2
54	-54	38
50	-50	30
60	-46	36
62	-42	36
50	-46	46
56	-44	22
-56	-48	18
-58	-44	16
-56	-48	4
-58	-46	8
-54	-48	24
-58	-46	24
-32	22	0
-40	14	2
-30	24	-8
-34	16	0
-52	4	10
-32	16	-16
-38	28	24
-38	34	26
-30	42	14
-30	38	24
-40	48	20
-40	30	36

//van Veen & Carter, 2005; Semantically incongruent > congruent		
//Subjects=14		
38.09	37.7	41.38
40.11	54.97	30.2
-34.8	30.66	40.07
8.56	22.68	41.47
54.29	-52.31	50.78
-46.08	-55.18	52.68
		
//Bonnet et al., 2009; Initial go/no-go > tonic alertness; complex go/no-go > tonic altertness
//Subjects=20		
-30	-85	-17
-30	-44	-27
41	20	22
29	-71	42
-42	-67	-20
41	6	28
32	-85	-11
-33	-92	-5
	
//Braver et al., 2001; Response inhibition > go		
//Subjects=14		
34.86	44.15	26.53
47.64	12.54	25.29
53.95	8.22	5.57
12.76	22.11	31.5
16.04	11.15	58.87
57.34	-55.19	3.23
28.94	-69.36	34.34
54.2	-40.58	35.55
-57.78	-48.02	33.39
16.33	-71.4	54.53
35.32	-54.67	66.59
		
//Evers et al., 2006; No-go > go		
//Subjects=13		
48	-46	36
52	-52	42
52	-54	30
48	34	22
30	52	24
52	10	6
2	26	42
0	34	40
20	18	58
-34	-60	54
-58	-50	38
-28	-72	50
-30	26	-6
-48	10	42
-40	30	28
60	-36	-6
60	-26	-12
		
//Falconer et al., 2008; No-go > go		
//Subjects=23		
30	56	-14
44	16	34
-38	58	2

//Horn et al., 2003; No-go > go		
//Subjects=21		
45.28	51.26	-13.97
-43.51	56.42	-20.46
4.12	65.75	21.9
-2.08	44.86	43.35
23.18	56.66	25.74
-24.29	44.27	36.86
45.33	24.83	-32.14
-46.6	27.42	-28.45
-4.93	-40.26	49.19
1.54	-95.41	26.29
45.35	18.53	-31.71
-37.01	8.79	-23.9
45.86	-58.75	50.16

//Kaladjian et al. (2009b); Correct no-go > correct go		
//Subjects=20		
-40.07	26.21	37.08
29.69	18.39	37.2
-21.27	60.05	1.35
26.3	55.4	4.72
-43.41	33.51	-15.57
51.66	36.2	-19.64
7.28	43.66	-12.12
-55.79	-42.88	-3.6
53.86	5.01	-29.73
-24.24	-10.66	-15.98
26.48	-9.05	-14.17
-42.91	-62.2	40.93
52.11	-50.46	29.58
4.59	-53.6	36.73
-39.83	-70	-.73
17.38	-80.74	39.62

//Konishi et al., 1999; No-go > go		
//Subjects=6		
44.42	19.33	15.96
-47.56	32.08	13.41
	
//Matsuda et al., 2004; Anti-saccade > visually guided saccade		
//Subjects=21		
42	46	18
-38	52	12
28	4	54
-28	4	48
16	-66	52
-26	-50	56
64	-20	24
-66	-36	28
10	18	36
-12	12	38
12	-14	-4
-12	-18	-2

//Durston et al., 2003; No-go > go		 
// Subjects=7
64.69	-23.04	27.63
35.95	40.57	36.76
9.45	26.87	-10.98
-44.3	27.22	37.03
-14.7	6.02	13.89
27.54	-5.62	-9.98
-.94	4.64	23.9

//Tamm et al., 2002; No-go > go		 
// Subjects=19
51.79	14.04	-2.58
-32.76	44.91	31.31
18.21	3.37	69.38
51.99	-42.96	-3.12
		
//Dong et al., 2014; Incon_con > con_con		
//Subjects=30		
24	-63	39
		
//Binter et al., 2019; Successful no-go > successful go 		
//Subjects=70		
4	8	48
4	30	32
46	-36	48
-40	-40	48
34	50	20
28	2	60
50	12	44
-36	38	24
-42	-50	-40
-12	-54	-40
16	-56	-48
42	-56	-32
52	18	-8
-42	-82	4
62	-26	-5
18	14	0
-10	-2	8
-24	6	-4
-10	-98	12
12	-96	16
8	-4	8
		
//Booth et al., 2003; Response inhibition task: Adults- No-go > go		
//Subjects=12		
30	-63	36
-30	-51	48
39	3	45
39	42	15
33	60	15
-24	3	48
48	15	21
30	27	0
-48	6	24
9	-27	24
-39	-81	3
9	30	33
6	-24	-12
		
//Cascio et al., 2015; Correct No-go > go (all participants)		
//Subjects=37		
5	53	-20
-11	21	9
-45	22	27
34	3	28
-21	-34	64
12	-34	62
-3	-13	58
-10	-89	6
		
//Fitzgerald et al., 2008; Correct anti-saccade > correct pro-saccade		
//Subjects=11		
-15	3	57
-3	12	42
-45	-6	45
51	-33	42
-24	-54	60
-24	-69	18
21	-78	33
54	15	-9
-42	-60	12
-6	-30	15
-9	-24	-6
9	-21	-15
		
//Gooskens et al., 2019; Successful stopping > go		
//Subjects=53		
-45	-73	2
45	-64	8
33	17	8
9	23	32
-30	23	8
-9	20	32
-15	-64	59
-33	47	23
33	47	32
-21	2	71
-60	-46	17
		
//Lei et al., 2012; Go/no-go > go		
//Subjects=22		
52	16	2
-36	10	4
30	40	34
6	16	62
-2	16	44
34	-50	44
-66	-38	20
56	-40	32
-66	-38	20
6	16	42
32	22	6
-36	10	4
14	-8	20
-8	0	12
		
//Mechelli et al., 2009; No-go > go		
//Subjects=102		
42	22	42
26	-2	48
42	0	38
62	-48	16
48	-30	-8
40	-40	44
28	-64	48
8	-62	50

//Singh et al., 2010; No-go > go		
//Subjects=22		
52	6	30
10	10	46
		
//Spielberg et al., 2015; No-go > go		
//Subjects=63		
6	24	34
-34	20	-12
46	18	-6
34	54	30
-26	16	48
0	30	-20
-38	38	-12
	
//Aichert et al., 2012; Anti-saccade > pro-saccade		
//Subjects=54		
34	-5	50
-24	-5	50
10	8	51
-6	6	49
53	7	27
38	50	21
34	-42	45
14	-63	53
-18	-63	57
34	21	3
-32	-59	-24
6	-76	-13
	
//Boehler et al., 2010; Successful stop > go (stop-relevant blocks)		
//Subjects=15		
38	14	-2
42	30	2
48	14	32
36	2	56
48	6	48
-44	22	6
-38	22	20
38	38	30
-28	2	58
0	20	48
12	18	50
-34	38	34
6	26	22
-50	4	42
-40	2	36
40	-60	16
60	-42	26
50	-36	44
48	-26	-6
-52	-38	50
-62	-40	28
-44	-86	4
-40	-62	-8
-60	-66	10
-28	-74	20
4	-16	-2
0	-28	-6
-6	-10	-4
-12	14	2
14	20	6

//Brown et al., 2007; Anti-saccade response > pro-saccade response		 
// Subjects=11
26.67	-1.35	55.6
29.88	-1.55	53.33
1.81	6.11	56.41
55.39	8.5	21.64
57.59	30.71	29.49
40.28	40.33	29.96
33.93	57.71	44.03
32.84	56.54	43.05
19.85	75.95	44.71
21.99	73.62	42.66
1.52	66.31	45.98

//Brown et al., 2012; No-go > go		
//Subjects=20		
44	27	-1
-35	27	-6
38	48	25
48	21	30
-37	23	29
-19	30	-15
12	23	28
37	-43	55
39	-57	27
24	-64	53
-26	-53	53
-24	-80	30
53	-16	-11
60	-48	12
-56	-44	-1
39	-53	4
-46	-73	15
		
//Burke et al., 2011; No-go > go		
//Subjects=11		
-22	44	12
26	-50	18
20	-42	20
64	-14	14
-42	-78	24
-20	2	60
-4	-4	20
4	-40	56
28	-56	52
34	38	-8
-24	-2	-24
64	-2	10
-42	-76	24
20	-38	26
-44	-44	-6
56	-12	0
-32	10	48
		
//Cai & Leung, 2009; Successful stop > go (colour task); successful stop > go (orientation task)		
//Subjects=12		
33	21	-3
42	9	24
-48	27	33
-24	-57	45
-57	-57	0
36	-75	-12
36	-54	-18
-21	-72	21
39	27	6
-36	3	30
30	3	42
36	0	54
-33	24	-9
6	9	60
-6	9	51
24	45	18
39	-45	45
54	-30	42
-42	-75	-12
51	-63	-3
-60	-51	9
45	-3	-18
	
//Cai & Leung, 2011; Successful stop > go (SST)		
//Subjects=23		
-36	-69	-9
39	-72	12
-30	-90	-12
-15	-60	-39
24	-3	60
21	6	55
24	9	48
33	21	51
33	39	39
12	54	36
48	9	30
12	33	48
27	6	51
-51	39	12
-48	39	0
57	21	6
51	39	0
9	-6	6
-3	-24	-3
9	-9	51
9	0	42
		
//Chen et al., 2015; No-go > go		
//Subjects=15		
4	24	50
10	10	48
36	40	22
34	46	14
38	34	30
36	18	-8
46	18	-10
	
//Chikazoe et al., 2008; No-go > frequent go; no-go > infrequent go		
//Subjects=25		
26	-4	62
42	42	18
48	4	38
40	18	-2
50	10	26
-52	8	20
42	-2	56
32	46	0
40	56	6
56	16	16
-22	-4	58
32	58	-2
-30	58	14
-26	56	24
44	32	32
30	22	-6
-36	-6	58
-40	38	22
-52	6	38
32	18	12
-8	2	58
-2	-4	64
6	10	60
10	20	56
8	0	60
6	30	36
36	-44	42
24	-68	48
66	-14	32
64	-38	28
14	-68	54
-24	-66	48
-20	-62	60
56	-42	48
16	-68	64
40	-62	56
-48	-36	40
-42	-48	52
30	-68	30
52	-22	-2
66	-32	20
52	-46	14
-30	-58	-30
-32	-62	-16
-36	-50	-34
-14	-64	-32
24	4	0
-30	16	8
-18	12	10
18	10	6
-26	2	4
-32	26	-2
42	16	-2
36	40	20
24	-4	62
-24	-4	58
30	24	-6
58	14	16
44	0	56
-50	10	18
38	56	10
-50	6	4
48	10	26
60	10	28
-58	12	10
44	2	44
-46	14	-8
6	-12	32
2	2	50
2	30	36
4	34	26
4	-28	32
12	-32	44
-4	6	36
2	0	62
-6	-6	64
0	12	44
10	16	60
54	-42	48
44	-46	46
38	-56	48
62	-44	36
64	-28	28
12	-70	52
32	-64	50
-14	-66	54
-22	-60	64
-48	-32	40
30	-68	38
62	-40	24
52	-26	0
-60	-34	22
58	-50	-2
60	-18	-2
28	-54	-32
-30	-62	-28
-20	2	-4
22	6	-6
-14	4	12
32	12	-10
-24	10	4
26	0	4
16	4	12
-30	16	-4
		
//Chiu & Egner, 2015; No-go > go		
//Subjects=21		
12	11	64
12	-10	46
54	-1	43
48	20	13
57	-40	-2
39	2	-47
-60	-25	-5
-51	29	-14
		
//Congdon et al., 2010; StopInhibit > go		
//Subjects=126		
48	18	-6
-40	14	0
0	12	52
40	-62	-14
-48	-22	62
60	-26	-8
18	-28	-10
10	4	10
40	24	-4
4	36	34
40	-58	34
10	-70	40
6	-36	26
-16	-80	-24
-48	32	26
64	-36	-12
-30	-52	38
-42	46	4
10	-26	10
		
//Coxon et al., 2016; Young- StopInhibit > go		
//Subjects=20		
15	5	70
8	12	50
18	-2	68
8	28	32
10	-68	48
-8	8	48
-18	0	67
-10	32	25
-12	-65	58
52	15	8
35	25	2
42	8	35
38	40	25
58	-40	32
38	-48	50
58	-48	5
-32	22	5
-45	5	25
-38	32	32
-55	-38	35
-42	-62	12
12	4	10
18	8	-2
8	-12	-3
8	-10	5
-10	5	8
-12	5	-8
-8	-10	-3
		
//Cummins et al., 2012; Stop (successful inhibition) > go		
//Subjects=50		
30	20	-8
-30	20	-8
-44	28	40
0	-16	-4
-32	-58	-12
		
//Eijsker et al., 2019; Successful inhibition > correct go		
//Subjects=21		
-38	30	32
		
//Fedota et al., 2014; No-go > go		
//Subjects=16		
28	17.8	-10.1
39.9	23.1	9.9
-35.5	-30.3	55.1
39.7	4.1	45.9
35.9	3.7	34.3
44	30.6	30
61.8	-29.7	-10.4
53.9	-48.7	27
-40	-70.7	-11.8
		
//Fuentes-Claramonte et al., 2016; No-go > frequent-go; no-go > infrequent-go		
//Subjects=57		
-30	-85	-8
51	-43	52
30	11	-5
36	17	-2
36	53	-2
36	5	55
18	5	19
6	11	58
-24	11	-2
-33	14	-5
-9	-4	7
-45	-1	55
6	-28	28
-60	11	19
3	-34	-32
9	32	28
48	-43	52
54	11	16
39	14	-2
42	41	19
-45	-40	43
36	5	58
-27	-61	-29
60	-40	13
		
//Gavazzi et al., 2019; No-go repetitions > go repetitions		
//Subjects=36		
-40	-22	58
-36	-32	52
-38	-28	50
-40	-28	54
-32	-34	52
-40	-28	62
24	-48	-28
16	-56	-22
4	-68	-30
4	-66	-24
26	-72	-22
-4	-60	-38
-2	-8	44
0	-4	48
-4	-14	50
-4	-12	54
-2	-24	48
2	-26	42
		
//Hendrick et al., 2010; Stop > go		
//Subjects=60		
4	-20	-4
4	-24	-20
4	-24	32
8	28	32
8	20	56
-4	40	32
12	8	8
32	24	-4
44	12	36
48	12	52
32	-92	-8
44	-80	-8
60	-44	36
-12	4	8
-28	-96	-8
-60	-48	36
-40	-64	-12
-40	16	-4
		
//Hughes et al., 2014; Stop > go		
//Subjects=12		
58	-44	44
44	-54	54
36	-68	52
36	56	-4
6	-6	12
-4	-6	12
32	50	32
26	50	38
46	30	34
-44	-50	52
-56	-44	48
-64	-38	32
2	24	42
0	32	26
-6	32	34
		
//Iannaccone et al., 2015; High- and low conflict correct > no conflict correct		
//Subjects=15		
-39	-84	-6
-30	-81	-6
-24	-84	-11
-9	-1	51
-14	5	54
-15	-4	57
63	-36	29
59	-38	21
56	-36	32
41	-63	-17
45	-77	-9
35	-84	-2
51	-68	6
	
//Jahfari et al., 2011; Successful stop > go		
//Subjects=20		
46	26	12
7	33	39
-58	-50	26
58	-44	21
-37	19	-10
-38	52	-5
1	-28	27
		
//Jahfari et al., 2012; Successful stop (high, low) > go none		
//Subjects=16		
46	23	35
0	42	38
-60	-54	30
68	-32	-2
-30	18	-18
-54	32	-10
50	20	-16
-68	-38	-2
		
//Jahfari et al., 2015; Successful stop > go		
//Subjects=23		
52	18	-4
-48	18	-6
2	30	30
62	-38	8
-42	-20	-2
		
//Köhler et al., 2018; Correct no-go > correct go		
//Subjects=33		
33	23	-7
48	26	-10
-29	19	-10
-44	25	-9
44	17	49
41	5	61
42	59	-3
45	14	13
-45	17	44
-44	1	40
32	47	14
-41	56	-3
-32	61	-7
66	-30	-7
-66	-25	-10
51	-52	32
56	-51	40
-45	-51	43
-59	-54	32
-26	-64	55
2	34	50
0	19	50
-33	-90	8
		
//Kolodny et al., 2017; No-go > go (rare no-go condition)		
//Subjects=20		
-47	-53	-14
51	-17	57
-48	13	38
55	32	23
-51	-33	3
		
//Lavallee et al., 2014; Stim1 > go1		
//Subjects=21		
-27	-82	25
-42	17	25
39	-13	67
3	-22	52
48	17	31
-57	-55	22
45	32	16
-24	41	40
18	-40	64
		
//Leung & Cai, 2007; Stop > go (saccade and manual)		
//Subjects=12		
30	18	3
42	18	-6
-42	12	-6
-27	21	3
9	18	54
		
//Marco-Pallares et al., 2008; Successful inhibition trials > correct responses		
//Subjects=10		
40	24	-16
44	32	16
48	-44	20
56	-44	16
44	-52	-16
12	-76	40
20	4	64
-32	-56	40
-44	-76	-12
4	32	44
		
//McNab et al., 2008; No-go > go		
//Subjects=11		
33	24	-6
48	15	-9
33	12	3
27	51	30
36	42	27
48	39	27
		
//Messel et al., 2019; Stop > go		
//Subjects=28		
-42	-79	8
45	-79	5
-57	-61	29
45	29	44
-39	20	50
36	17	-19
-30	23	-16
30	-58	53
		
//Ness & Beste, 2013; SCD 0 > go; SCD 300 > go		
//Subjects= 13		
-8	-62	42
36	22	-10
14	-16	4
-18	-50	-22
18	-66	52
-18	-66	52
-4	-68	48
2	18	44
40	-52	46
56	24	12
-10	8	8
16	-18	8
-18	-50	-22
		
//Penfold et al., 2015; No-go > go		
//Subjects=20		
-38	22	-8
48	18	-10
-38	46	26
-32	38	16
-36	56	14
-32	-6	46
42	46	24
40	46	20
50	6	36
-32	56	24
28	60	24
-52	-2	50
10	20	32
-32	26	-2
44	18	-4
32	16	2
56	-32	-2
64	-28	-8
54	-46	10
62	-46	36
52	-42	54
-30	-94	8
44	-58	-14
-32	-56	-14
24	-64	44
-22	4	8
24	8	0
10	8	4
-14	-16	8
10	-8	8
		
//Rothmayr et al., 2011; No-go > go		
//Subjects=12		
48	20	-4
-62	-56	36
64	-46	30
6	24	62
		
//Sagaspe et al., 2011; (StopInhibit + StopRespond) > go		
//Subjects=12		
27	9	60
12	15	66
0	30	36
-3	-18	27
42	30	42
45	6	45
36	45	15
24	60	30
-54	18	-6
54	18	-3
51	45	9
33	24	-9
42	21	-15
-33	21	-3
54	-39	-3
12	-78	45
-39	-57	48
39	-57	39
-30	-63	42
54	-48	39
-57	-57	9
66	-51	12
-12	-99	6
12	-102	6
3	-15	-6
	
//Schilbach et al., 2011; Incongruent (nonsocial + social) > congruent (nonsocial + social)		
//Subjects=23		
-39	-35	39
33	45	26
44	-47	41
30	-2	56
6	8	30
2	-24	42
-32	30	-3
29	-5	9
-8	-28	-18
6	-57	-18
27	-12	71
17	-44	38
9	-27	-18
		
//Sebastian et al., 2012; No-go > go		
//Subjects=24		
0	0	60
-48	-6	51
-21	-6	57
36	-87	6
48	-72	-3
27	-93	12
57	-69	6
54	-21	-3
60	-30	0
60	9	-6
-51	-75	3
33	-63	57
30	-54	45
45	-42	54
45	-33	39
54	3	43
36	-6	48
-24	9	6
24	15	0
		
//Sebastian et al., 2013; No-go > congruent go (hybrid response inhibition task)		
//Subjects=21		
48	23	-2
42	8	37
39	5	34
48	8	31
27	-94	16
36	-85	19
27	-67	49
63	-34	7
-45	-76	4
-15	-97	16
-12	-88	37
-39	-58	-11
-27	-61	46
-57	-49	19
-6	-70	1
-21	-70	13
24	-67	10
	
//Sebastian et al., 2013; No-go > go (separate go/no-go task)		
//Subjects=24		
36	39	27
-6	-6	66
3	0	63
-9	6	54
-27	0	66
-45	-3	51
-9	15	36
15	48	36
24	45	27
12	57	24
54	6	42
45	0	54
33	-3	60
48	-72	-3
39	-87	3
27	-93	12
54	-24	-3
66	-33	21
-51	-75	3
-15	-96	9
-6	96	9
18	-6	21
-9	0	15
27	6	6
-24	9	9
	
//Sebastian et al., 2016; Stop > go		
//Subjects=28		
42	20	-5
-33	20	-5
-45	47	4
15	2	67
6	26	40
0	-22	31
63	-37	37
-63	-43	40
63	-31	-11
12	8	1
-12	8	1
9	-13	-2
-6	-13	-2
		
//Shafritz et al., 2015; ‘X’ no-go > letter go; happy no-go > neutral go; fear no-go > neutral go; happy no-go > fear go; fear no-go > happy go		
//Subjects=15		
32	38	24
8	18	42
32	24	6
-38	10	8
40	6	34
10	14	44
32	2	48
36	34	24
32	26	4
-34	16	10
38	-50	38
2	22	46
44	8	42
42	26	4
-38	18	4
34	-58	44
10	16	42
-10	20	36
42	36	18
32	2	50
38	18	8
-36	16	8
34	-60	40
12	-8	8
4	18	46
38	24	2
		
//Tabu et al., 2011; Stop-success > go (stop signal task)		
//Subjects=13		
54	14	10
36	16	4
44	32	36
-30	20	-4
-38	12	6
-4	22	52
		
//Tabu et al., 2012; Stop-success > go (hand task); stop-success > go (foot task)		
//Subjects=13		
32	20	6
40	24	-2
44	14	14
30	2	54
42	4	32
-30	20	-6
-34	18	2
-48	16	14
-36	4	36
2	22	50
-42	38	36
-40	-2	54
44	50	22
56	-36	52
-56	-46	28
40	18	4
42	24	-8
40	6	42
52	14	28
50	16	18
-38	16	8
-32	26	4
-48	14	28
62	-40	28
-44	48	-4
48	36	20
50	-34	54
62	-40	28
-60	-52	42
		
//Talanow et al., 2020; No-go > go (go/no-go task)		
//Subjects=19		
58	-52	44
64	-50	30
52	-60	46
	
//Talanow et al., 2020; Certain anti-saccade > certain pro-saccade (pro-saccade/anti-saccade task)		
//Subjects=21		
-14	-94	22
16	-92	24
26	-90	22
-56	-16	10
-40	-36	14
-48	-20	36
64	-22	12
66	-32	8
10	28	44
24	28	34
30	28	28
20	44	28
-14	50	28
-20	34	42
48	2	36
46	-8	36
50	22	16
		
//Townsend et al., 2012; No-go > go		
//Subjects=30		
-36	38	36
-36	48	20
32	58	16
-28	-4	48
-34	20	2
36	20	2
-42	14	2
2	16	38
-58	-46	20
-58	-40	42
-36	-46	44
46	-44	38
-58	-48	28
62	-44	30
-36	-90	-6
30	-60	36
-16	10	8
24	10	14
-22	10	8
20	10	0
-14	-10	8
16	-10	8
-8	-16	-8
10	-14	-10
		
//Van Eijk et al., 2015; No-go > go (go/no-go task)		
//Subjects=18		
6	0	66
-48	-3	51
42	-87	3
-42	-75	0
24	15	-9
	
//Van Eijk et al., 2015; No-go > go (hybrid response inhibition task)		
//Subjects=25		
52	36	22
-32	24	4
-42	10	30
-44	-64	-12
50	2	-16
-10	-76	-34
		
//Walther et al., 2010; No-go > go (across both auditory and visual modalities- i.e., conjunction analysis)		
//Subjects=17		
45	-33	45
39	-54	60
36	-42	39
48	30	30
42	33	24
51	12	27
57	-45	21
45	27	0
45	24	9
39	33	-6
-45	-39	45
-33	-42	39
6	12	57
54	-27	-9
48	-33	-3
		
//Weafer et al., 2019; StopInhibit > go		
//Subjects=44		
42	4	32
34	24	4
46	12	6
28	2	50
14	12	64
40	0	44
42	-14	46
38	-14	44
-32	26	2
-32	22	-10
-46	32	34
-30	46	34
-34	42	36
-40	2	40
-38	2	36
		
//Xu et al., 2015; Stop-inhibit > StGo		
//Subjects=18		
64	-44	14
-54	-42	39
54	16	15
-50	12	26
-32	18	6
-12	18	5
-12	12	6
10	-6	5
48	-20	-7
16	13	66
3	49	17
4	28	38
24	52	32
-40	34	36
	
//Xue et al., 2008; StopInhibit > go (manual); stopInhibit > go (letter naming); stopInhibit > go (PW naming)		
//Subjects=15		
64	-28	8
68	-16	2
40	18	2
44	18	4
-60	-28	8
-64	-38	12
-6	-70	8
16	-74	14
-4	-86	10
6	22	38
2	14	50
-20	-2	64
-28	-2	54
64	-42	12
64	-40	22
36	18	8
46	18	8
50	20	-4
36	56	24
40	44	24
16	16	60
-52	-54	14
-64	-36	12
54	-32	-6
10	-68	46
64	-42	6
54	-50	32
68	-34	16
36	18	6
42	16	6
-66	-40	8
-62	-54	26
16	18	60
		
//Zhao et al., 2019; StopInhibit > go (rested wakefulness)		
//Subjects=20		
48	8	28
-8	30	32
18	12	68
-46	34	26
40	48	32
52	20	2
-32	20	-14
0	18	48
16	12	70
-34	18	-16
30	22	-14
-6	32	22
8	34	24
0	24	36
2	26	34
-20	-30	-10
24	-26	-10
-20	-32	-12
22	-34	-12
-22	-98	-4
22	-98	-4
-36	-82	-16
28	-86	-8
-36	-82	-12
32	-88	-4
-38	-80	-14
28	-88	-6
-16	-72	44
30	-72	50
-50	-40	48
50	-34	52
-58	-44	28
54	-40	38
30	-66	50
-14	14	0
14	14	6
-14	14	-2
16	16	-8
-6	-8	-2
12	-28	0
-38	18	-18
40	20	-16
-44	-64	-2
56	-44	0
-52	-60	-8
50	-58	-14
-8	-8	-6
18	-28	-14

//Anderson et al., 2005; No-go > go		 
// Subjects=46
3.2	15.71	-1.71
41.71	38.57	57
	 
//Bennett et al., 2009; Correct no-go > correct go		 
// Subjects=11
-.42	15.46	53.28
1.61	27.61	45.32
-17.66	19.01	57.71
-17.54	2.41	63.83
-.63	13.91	36.63
-32.48	-37.85	70.31
-52.07	-35.67	60.34
35.57	-74.2	-23.62
		 
//Carrion et al., 2008; No-go > go		 
// Subjects=14
39.87	32.85	-4.03
-31.59	27.1	-15.69
28.84	32.22	-21.71
-27.3	29.04	-18.2
10	40.01	28.26
10.14	52	41.64
33.59	39.81	13.31
10.28	16.9	45.11
48.48	21.73	-8.68
-42.37	22.81	-15.09
13.94	20.75	-5.76
-16.3	16.29	-5.92
-5.48	12.07	-5.69
24.6	14.23	-18.74
-26.99	10.59	2.67
7.66	-24.8	1.1
7.58	-6.82	-1.8
34.16	14.52	52.79
55.21	-54.07	-4.66
50.64	-25.35	-18.63
60.36	-3.42	-14.24
46.53	-64.3	-10.22
-46.37	-75.47	-9.78
-20.44	-46.89	-4.08
-19.73	-38.3	53.33
51.48	-35.48	45.11
10.46	-58.38	43.59
-5.46	-31.51	-12.58
-22.51	-50.64	1.93
48.78	-69.09	-4.18
-44.17	-78.44	-7.28
		 
//Durston et al., 2006; No-go > go		 
// Subjects=11
44.06	22.05	-16.48
-38.03	20.8	-13.84
5.42	45.68	8.73
-7.43	46.46	17.84
-37.85	48.4	5.84
49.02	19.19	33.02
-45.81	12.97	52.06
31.17	60.89	-2.18
-63.18	-47.87	33.72
	 
//Hummer et al., 2010; No-go > go		 
// Subjects=22
27.79	-18.58	55.05
42.28	22.72	13.74
	 
//Passarotti et al., 2010; Stop > go		 
// Subjects=15
13.21	68.2	31.02
-55.08	26.86	6.02
-45.18	47.91	23.94
55.4	-46.13	11.36
-64.4	-45.62	23.44
		 
//Querne et al., 2008; Go/no-go > go		 
// Subjects=10
35.33	-51.49	46.97
40.24	43.31	27.42
11.03	33.01	22.22
17.24	14.59	-2.96
42.95	37.14	-15.72
43.17	20.21	-1.72
10.44	16.98	57.43
-31.65	-51.73	48.14
-37.54	43.04	28.77
-8.42	32.94	22.55
-15.17	14.48	-2.4
-41.32	36.85	-14.25
-41.1	19.91	-.25
-6.85	16.92	57.73
	 
//Rubia et al., 2006; Go/no-go task: Adults- No-go > go		 
// Subjects=23
35.13	58.21	-31.11
5.24	65.16	-1.04
35.52	57.82	-.83
-48.48	29.95	15.69
-9.94	43.86	-9.88
-49.35	-24.3	21.07
28.47	-14.99	24.43
-9.39	-63.59	11.95
-22.87	12.35	-13.26
-37.77	-65.87	-10.87
12.56	-77.39	35.35
		 
//Rubia et al., 2006; Simon task: Adults- Incongruent > congruent		 
// Subjects=21
-51.89	28.69	2.42
-39.76	-35.08	8.53
34.2	50.53	-21.37
56.27	11.41	6.77
-38.91	36.49	4.79
-25.61	8.42	25.27
32.55	-3.67	7.55
8.82	-3.44	11.29
33.84	-52.38	14.59
		 
// /Rubia et al., 2013; Successful inhibition > go		 
// Subjects=66
47.26	35.99	-16.8
48.03	17.68	39.91
55.27	-61.31	-1.7
-49.28	-60.98	19.1
		 
//Schulz et al., 2004; No-go > go		 
// Subjects=9
48.68	11.17	4.69
-53.86	-13.65	8.89
35.79	-75.83	-6.66
35.6	-54.32	-17.75
-29.27	-54.86	-19.95
	 
//Ware et al., 2015; All-stop > go		 
// Subjects=21
38.69	-53.29	47.09
55.93	-35.69	-4.36
	 
//Altshuler et al., 2005; No-go > go		 
// Subjects=13
39.76	30.96	-12.81
42.03	31.8	-3.97
-.59	-9.91	34.5
27.06	-30.57	-4.26
	 
//Asahi et al., 2004; No-go > go		 
// Subjects=17
64.12	-41.12	18.56
66.18	-52.79	8.47
57.6	-61.12	11.69
29.81	11	49.85
49.05	18.33	35.35
44.53	40.89	24.23
53.02	35.42	11.18
57.47	32.01	20.4
27.83	-75.13	47.2
38.55	-73.59	40.14
12.83	-63.3	59.73
		 
//Bellgrove et al., 2004; Response inhibition > go		 
// Subjects=42
41.21	39.19	17.73
27.68	-.81	49.93
-47.36	34.62	19.69
-34.31	29.87	25.54
50.97	19.77	16.12
-26.3	-3.98	53.41
-47.06	0.77	36.48
-53.89	4.74	10.43
0.74	6.21	57.54
-9.45	22.41	24.73
53.53	-40.67	35.5
-45.77	-40.29	45
-18.58	-60.74	54.41
21.3	-62.39	46.05
7.65	-12.89	2.16
21.63	-6.77	-2.04
40.11	8.37	9.59
-32.42	10.37	0.54
-55.78	-42.5	21.86
		 
//Chevrier et al., 2007; Successful stop > go		 
// Subjects=14
49.93	15.72	18.78
6.57	4.64	6.05
-.66	-88.12	13.11
		 
//Dambacher et al., 2014; No-go > go		 
// Subjects=15
34.47	19.76	-6.01
39.06	44.71	19.46
-44.29	-55.25	-11.81
		 
//Durston et al., 2002; No-go > go		 
// Subjects=10
40.23	28.97	23.24
-31.16	30.32	18.72
8.85	43.85	23.42
10.2	-37.29	28.06
-10.32	-42.78	27.84
-16.48	-65.61	48.13
11.53	13.79	57.73
-10.37	45.44	41.52
-43.73	5.87	44.88
		 
//Fassbender et al., 2004; Random SART correct inhibition > fixed SART correct inhibition		 
// Subjects=18
38.68	53.91	-8.34
-43.95	30.46	32.37
40.74	-44.89	48.47
-22.66	13.9	3.39
		 
//Garavan et al., 2006; Stop > go		 
// Subjects=71
47.74	24.22	17.98
28.71	-0.05	46.48
-26.31	-2.92	53.3
-47.34	34.83	21.91
-35.4	29.76	24.45
-48.15	2.89	36.29
3.95	10.37	55.95
9.9	30.47	18
48.23	-41.02	43.47
-43.59	-40.18	46.08
-22.93	-57.67	53.06
21.44	-60.29	57.04
58.43	-36.73	-3.07
-33.48	12.7	2.57
34.53	16.88	-2.36
18.43	6.71	4.52
5.79	-17.2	25.03
8.7	-8.74	0.61
20.7	-12.22	8.6
21.64	-7.73	-.83
		 
//Jamadar et al., 2010a; No-go > informatively cued go		 
// Subjects=18
-24.55	53.17	33.15
27.33	49.1	32.67
-3.24	61.91	10.63
14.84	-19.58	56.49
-28.82	44.75	35.18
31.71	36.46	34.97
-54.3	33.4	-15.93
56.01	30.26	-9.66
-41.7	-10.47	30.78
-37.52	-15.85	18.91
49.01	-36.71	20.62
-50.27	-48.24	29.06
49.09	-43.74	25.8
-6.84	-37.71	47.45
6.06	-46.9	40.29
-11.19	-41.23	44.51
14.74	-41.14	44.06
-15.41	-31.7	54.84
10.55	-27.04	57.3
-19.59	-26.32	66.71
-33.54	-29.38	-11.19
35.53	-20.94	-16.57
-29.18	-36.7	-9.42
31.27	-37.97	-14.81
-68.04	-23.46	-3.35
49.07	-48.31	22.89
-54.21	-8.6	-17.38
65.65	-4.23	-23.22
-58.62	-10.4	-24.97
-58.62	-10.4	-24.97
-11.71	-48.37	2.64
-20.39	-48.71	-.54
-11.53	-50.31	16.28
14.4	-50.22	15.83
19.17	-79.72	44.44
-33.14	-97.47	6.74
35.99	-92.97	5.12
-33.2	-93.53	2.99
35.8	-93.26	-9.41
-33.44	-53.74	-7.66
35.69	-49.24	-9.29
-29.17	-49.78	-11.49
31.33	-49.57	-12.54
	 
//Kaladjian et al. (2007); Correct no-go > correct go		 
// Subjects=21
-8.38	56.21	30.34
-43.86	26.72	38.34
49.41	31.54	-18.63
0.71	55.93	-19.1
-62.6	-29.71	-1.7
58.24	-8.64	-12.57
-49.9	-53.09	57.55
55.68	-56.07	31.39
1.69	-56.05	34.55
-40.86	-66.97	0.49
30.79	-82.72	23.24
		 
//Kaladjian et al. (2009); Correct no-go > correct go		 
// Subjects=20
-40.66	28.65	35.85
30.68	20.4	35.45
-21.77	61.77	-1.36
26.91	56.93	1.65
-44.59	34.4	-17.32
52.59	36.56	-22.55
7.28	44.57	-14.72
-57.17	-42.67	-2.75
54.72	4.58	-31.74
-25.02	-10.52	-16.57
26.87	-9.06	-15.35
-43.58	-60.9	42.52
53.48	-49.8	29.69
4.96	-52.54	37.51
-40.85	-70.16	0.81
18.04	-80.04	41.13
	 
//Kiehl et al., 2000; Correct rejects > go		 
// Subjects=14
49.82	-79.18	-8.81
24.91	-63.31	-9.95
-54.89	-83.28	-1.01
-6.74	-.85	62.85
52.95	-72.34	-16.26
42.05	-75.34	-24.74
5.95	14.66	44.29
33.59	-93.68	-13.82
		 
//Konishi et al., 2003; Inhibition > control (Exp 1)		 
// Subjects=36
-33.05	39.94	41.33
-43.96	21.64	29.88
49.03	24.72	34.72
-30.56	13.96	61.79
42.54	42.13	37.59
-44.32	40.83	5.58
-.53	25.58	46.68
-28.42	-49.59	47.87
34.46	-60.89	61.36
38.53	-40.85	45.86
-28.32	-66.4	51.77
30.3	-50.94	76.14
6.23	-53.31	52.13
29.33	-51.62	0.02
34.23	-75.73	40.42
-9.69	10.76	3.48
		 
//Lawrence et al., 2009; No-go > go		 
// Subjects=21
44.05	-52.45	-32.64
52.18	-36.16	14.91
		 
//Liddle et al., 2001; Correct no-go > go		 
// Subjects=16
-39.32	6.51	51.47
-6.93	30.54	54.14
42.62	14.27	38.1
-47.24	24.61	27.4
-35.77	57.67	1.52
44.99	36.22	-25.74
-52.23	31.62	-23.63
-7.09	54.48	46.17
-31.06	47.42	29.35
-39.2	-62.6	47.1
34.33	-78.3	47.4
-63.15	-50.96	35.15
46.19	-53.27	50.32
-6.77	-66.74	46.96
57.85	-50.53	33.05
50.42	-67.06	40.41
-55.02	-30.65	-.62
29.97	-86.27	42.66
34.17	-75.08	35.88
38.17	-102.64	4.92
-18.69	-95.47	38.8
42.34	-99.41	-6.68
-26.8	-99.66	-5.47
	 
//Maguire et al., 2003; Go/no-go > go		 
// Subjects=6
68.08	-35.09	-9
53.04	31.16	11.6
55.67	19.4	46.33
-50.61	35.67	19.64
34.39	-65.77	55.12
-15.36	-72.95	49.96
		 
//Manoach et al., 2007; Anti-saccade > pro-saccade (current)		 
// Subjects=21
12.43	16.81	43.97
-28.54	8.57	49.96
-10.4	20.04	33.95
34.03	3.7	40.41
25.76	-52.62	58.45
-10.93	-60.09	60.94
33.4	31.87	-2.71
37.37	-37.12	39.91
-1.99	27.13	17.42
-28.22	32.41	-5.07
-33.95	-30.88	41.63
8.97	20.66	27.95
-38.92	26.61	2.41
-25.36	-86	25.65
	 
//Mazzola-Pomietto et al., 2009; Correct no-go > correct go		 
// Subjects=16
46.17	31.53	-18.58
-38.13	33.15	-19.54
-21.82	64.65	-5.01
64.86	-16.29	-2.96
53.48	-56.39	28.1
-36.89	-60.39	59.17
-1.46	-38.97	45.24
	 
//Meffert et al., 2016; No-go > go		 
// Subjects=22
-36.46	24.27	-17.01
61.01	19.79	-1.42
-9.5	25.46	63.09
-46.37	-3.47	-37.63
58.39	-54.31	32.85
31.9	-52.07	-10.62
-23.14	-68.21	-8.09
16.19	-91.11	20.4
-25.9	-81.06	26.85
-3.25	7.35	41.25
-35.28	-26	65.26
22.05	-53.04	-20.44
-.54	23.07	2.66
-16.69	-91.46	-15.98
35.11	-88.4	-20.53
	 
//Menon et al., 2001; Go/no-go > go		 
// Subjects=14
-35.45	57.83	26.15
29.36	53.6	23.23
-42.27	33.42	-4.93
44.2	23.09	-5.38
-43.67	-2.43	47.94
55.66	1.76	41.36
5.93	23.27	44.56
-18.25	-60.92	-4.97
23	-61.45	10.07
40.77	-53.4	49.31
-21.88	-49.15	52.2
-14.03	-4.77	-1.63
18.52	-3.62	8.9
		 
//Page et al., 2009; No-go > go (go/no-go task)		 
// Subjects=11
40.05	-54.44	-7.73
-3.45	-44.66	-27
-49.71	-55.38	-12.83
-22.12	-82.7	26.38
-37.1	-37.92	46.86
9.01	-88.5	8.5
45.15	-52.96	53.67
31.98	55.52	-25.19
-34.85	56.43	-11.82
52.1	24.55	21.23
52.13	-64.95	5.44
		 
//Pierce & McDowell, 2017; Single anti-saccade > pro-saccade; mixed anti-saccade > pro-saccade		 
// Subjects=35
-8.94	-63.56	46.68
21.2	-64.28	37.27
34	-82.92	20.97
25.49	1.21	48.65
33.64	41.29	17.65
-31.14	45.73	22.8
	 
//Rodríguez-Pujadas et al., 2014; Stop > go		 
// Subjects=33
-66.87	-24.96	3.5
59.59	-27.39	4.95
59.45	-12.06	-3.28
-40.88	-27.74	6.7
-47.4	-18.19	5.87
-57.14	-24.92	3.34
39.86	22.97	-6.42
	 
//Roth et al., 2007; No-go > go		 
// Subjects=14
67.24	24.7	22.08
14.55	7.78	39.22
49.47	-5.87	63.51
69.31	-32.88	3.09
50.31	5	-38.43
29.62	-78.99	17.29
55.19	-57.57	-7.67
7.51	-22.64	-10.32
-33.26	41.68	25.47
-31.6	44.53	-12.94
-66.9	-31.75	-.3
-50.59	-53.93	2.73
-49	-8.97	-33.12
	 
//Wager et al., 2005; No-go > go		 
// Subjects=14
10.54	-57.76	50.25
-9.91	-44.13	59.34
50.35	-34.74	41.7
-67.56	-33	32.33
33.6	56.28	17.29
-35.53	51.79	18.91
45.25	49.14	-2.37
45.26	17.46	-8.21
10.22	28.5	42.85
5.8	-9.45	27.63
-2.75	-13.21	33.75
17.28	6.18	-1.01
9.85	-20.22	3.97
	 
//Zheng et al., 2008; Successful inhibition (no-go) > go (go/no-go task)		 
// Subjects=18
1.4	51.24	34.02
42.9	21.42	-23.12
64.51	5.13	-26.36
-37.88	59.14	5.9
-8.88	-52.54	-30.61
40.37	35.53	36.03
53.22	24.86	24.54
55.27	-76.62	-4.67
	 
//Schmitz et al., 2006; No-go > go/oddball (go/no-go task)		 
// Subjects=12
-7.13	-91.34	13.54
-11.6	-96.85	0.71
-17.98	-96.04	9.71
5.97	-37.75	34.91
-43.55	-54.11	46.33
-50.09	-47.96	43.59
55.79	-40.99	43.34
60.03	-48.19	35.02
53.56	-52.47	35.55
42.7	14.89	44.76
44.58	21.54	23.9
	
//Pierce & McDowell, 2017; Switch > repeat		
//Subjects=35		
41.62	-46.48	61.55
-34.46	-51.86	53.49
28.92	-88.2	2.33
	
//Sylvester et al., 2003; Switch > non-switch (Experiment 1)		
//Subjects=14		
15	-64	55
-22	-64	50
34	-45	35
-34	-49	55
26	-8	60
-34	0	55
45	26	25
-38	30	30
-26	-82	15
34	19	5
-26	26	10
-8	15	50
19	-8	20
-15	-8	15
	
//Rubia et al., 2006; Switch task: Adults- Switch > Repeat		
//Subjects=22		
29.52	48.68	15.15
47.72	-10.84	22.45
4.44	-4.6	44.47
-44.14	-22.76	30.47
22.29	2.06	12.84
4.44	-4.6	44.47
-10.21	-77.95	2.97

//Wendelken et al., 2012; Switch > repeat		
//Subjects=36		
-48	15	32
-30	-6	64
-3	6	56
-9	-72	56
-30	-90	20
-39	-54	-24
	
//Aizawa et al., 2012; First error feedback > correct feedback		
//Subjects=30		
-2	22	46
-44	4	32
36	-56	-38
-10	10	2
30	24	-4
12	2	-2
-36	-90	10
-3	24	0
-32	52	12
40	12	30
10	-80	-30
34	-52	40
-6	-72	48
-18	-76	8
	
//Armbruster et al., 2012; Task switching > baseline		
//Subjects=20		
-46	-2	44
44	4	34
-46	32	36
44	30	30
42	42	12
32	22	-4
0	0	56
-6	16	42
-30	-52	46
54	-36	52
-2	-84	8
-20	0	14
18	2	14
18	-22	4
-2	-60	-12
	
//Becker et al., 2014; Dimension change > repeat; feature change > repeat		
//Subjects=8		
-12	-54	54
-30	-3	63
-54	-66	18
60	-45	30
24	27	33
27	57	24
-30	30	36
-6	27	24
-51	-66	-6
-12	-66	45
15	-87	-3
51	-33	36
-15	-87	3
	
//Brass & Cramon, 2004; Cue switch > cue repetition		
//Subjects=14		
-41	-.51	48.9
53.08	-57.09	-9.93
-50.45	-61.1	-9.05
35.23	-82.04	-1.46
	
//Christakou et al., 2009; Switch > repeat		
//Subjects=63		
1.28	-7.85	43.61
-40.87	-35.11	52.38
39.37	-23.28	44.44
-22.14	0.54	-5.67
	
//Crone et al., 2005; Univalent switches > repetitions; bivalent switches > repetitions		
//Subjects=20		
-22	-2	42
38	-82	-10
-32	30	16
-14	48	34
-32	36	38
-28	-6	52
42	-8	32
-26	36	20
-12	8	60
4	2	62
-8	-16	66
-32	-52	52
18	-60	50
-24	-42	2
-6	-62	34
-42	-42	42
-62	-40	-16
-48	-32	-8
-38	8	-16
48	-34	-18
62	0	-12
-58	-22	42
26	-30	64
32	-30	54
-13	7	13
		
//Dang et al., 2012; Object shift > no shift		
//Subjects=16		
50	8	20
-44	36	16
44	-40	46
-36	-46	44
12	2	14
-16	2	8
		
//De Baene & Brass, 2011; Task-switch > cue-repeat		
//Subjects=19		
-8	-77	48
-32	-4	58
-4	7	58
10	-80	6
-40	35	27
		
//De Baene et al., 2015; Task switching > repeat		
//Subjects=32		
-39	-40	46
-24	-1	55
30	-1	58
-48	-58	-11
15	-61	55
36	17	7
9	20	49
	
//DiGirolamo et al., 2001; Younger- Switch > non-switch		
//Subjects=8		
-20.29	72.13	-8.36
-49.72	41.18	7.25
-30.38	-8.35	57.15
-32.38	-35.41	63.45
-49.66	26.47	8.26
-37.09	51.52	2.03
-30.68	30.43	1.22
-45.43	35.72	20.92
-34.91	28.02	-3.03
-19.67	-36.73	74.56
-.92	16.57	46.39
-28.39	14.1	44.5
-.93	20.91	48.31
-47.44	15.37	33.42
-41.12	19.49	30.88
-39.07	31.84	25.59
1.14	31.16	43.16
-15.59	-56.27	-4.03
-23.94	-65.49	18.85
-11.18	-100.09	3.38
-.65	-84.75	11.15
-30.21	-86.69	18.11
-36.62	-76.92	6.38
-17.48	-92.35	27.31
-34.5	-74.53	10.65
-.61	-60.9	56.13
-40.86	-40.63	48.32
-49.33	-32.03	52.22
-42.94	-60.5	34.15
-45.18	-20.06	40.28
-53.59	-21.42	53.74
-36.65	-27.18	60.69
-45.11	-71.09	-.62
-30.43	-39.32	-.67
-28.3	-38.89	5.95
49.51	55.77	-9.87
38.96	60.83	5.39
36.8	50.38	-27.18
56.03	14.48	4.02
49.67	22.96	5.7
49.68	30.21	20.74
60.22	15.94	-7.2
51.76	38.64	20.15
3.55	-39.45	61.29
12.08	-53.54	71.09
5.44	17.16	55.19
41.42	4.86	55.82
32.89	21.46	52.51
51.85	17.9	26.01
5.52	-13.06	43.94
1.3	-13.1	43.97
23.42	3.9	42.67
9.85	-40.34	45.78
20.31	-24.53	26.88
14.14	-84.76	8.84
20.52	-95.21	9.52
33.16	-79.86	17.27
3.67	-96.1	31.88
20.36	-62.41	-6.04
29	-69.19	54.3
47.91	-39.62	52.17
47.89	-40.02	45.54
49.74	-7.26	-5.55
30.87	-45.24	-2.84
58.45	-55.99	24.37
47.85	-64.01	-1.66
43.34	14.1	-.32
13.92	-30.27	2.89
	
//Dove et al., 2000; Task switch > task repetition		
//Subjects=16		
-45.29	8.24	37.23
43.45	12.06	35.34
-36.96	22.44	9.57
30.63	25.82	3.39
-7.25	15.53	47.6
-32.37	-48.9	49.94
1.53	-75.08	48.21
-6.91	-66.78	64.34
-2.96	-13.74	34.05
-2.87	-34.68	36.59
-7.26	-12.32	6.23
5.45	-21.8	4.58
22.35	-27.32	-1.8
	
//Dreher & Grafman, 2003; Task switching > baseline		
//Subjects=8		
-28.32	8.88	62.61
-53.77	15.45	35.68
39.29	13.65	61.89
51.88	20.81	39.13
51.74	49.41	23.85
5.38	33.84	51.83
-36.55	-54.76	58.14
39.52	-58.6	53.52
-24.08	-73.48	-42.76
35.09	-77.46	-47.28
-49.43	-50.52	-8.67
-32.44	-66.65	1.22
60.44	-45.4	-9.66
39.07	26.67	-1.16
	
//Eich et al., 2016; Young- Dual-task > single task (task switching and go/no-go)		
//Subjects=62		
0	-70	50
-20	12	48
	
//Fuentes-Claramonte et al., 2015; Switch > repeat		
//Subjects=28		
0	3	9
9	3	6
-12	9	0
-48	-24	39
-42	-45	33
-48	-33	42
-54	24	21
-51	15	36
-42	-6	54
39	36	21
33	45	24
0	36	18
0	21	24
6	15	36
-3	-69	3
3	-60	9
-9	-33	48
42	-81	-6
42	-81	6
51	-72	-9
	
//Gazes et al., 2010; Dual > single-task tracking		
//Subjects=56		
-25	-47.07	44.23
31.09	-85.84	23.24
-28.21	-79.11	-13.49
	
//Gazes et al., 2012; Task-switch > single-task		
//Subjects=47		
-20	-74	-26
-30	-78	36
26	-74	46
-38	20	40
34	-78	28
2	-14	12
	
//Graham et al., 2009; WCST: RSNF (negative feedback) > RSPF (positive feedback)		
//Subjects=18		
22.49	-19.46	57.6
-30.45	9.44	54.82
-44.3	19.26	27.59
41.19	38.28	15.8
0.07	29.83	38.81
14.81	17.22	2.96
-36.06	53.29	-3.65
-33.83	21.66	-3.71
32.73	24.25	-5.39
11.74	-6.77	7.95
-35.54	-49.97	50.04
42.63	-45.12	49.24
18.32	-82.32	-3.56
-17.57	-92.14	-3.78
61.45	-31.46	-6.18
-57.96	-30.56	-8.87
-39.88	-65.35	-11.04
	
//Greenberg et al., 2010; Shift-colour and shift-location > hold (conjunction analysis)		
//Subjects=8		
-18.77	-13.06	47.41
14.18	-58.61	57
-16.7	7.59	57.08
27.71	-3.8	54.27
-40.09	25.73	29.34
-33.39	-80.15	22.12
		
//Hedden & Gabriel, 2010; Incongruent shifting (IS) > neutral non-shifting (NN); neutral shifting (NS) > incongruent non-shifting (IN)		
//Subjects=18		
-32	2	60
-10	0	64
28	-4	56
-44	10	30
52	8	28
-12	30	28
10	30	28
-42	34	22
48	36	24
-34	22	4
34	26	2
-8	18	50
6	12	54
-28	-78	38
30	-68	42
-46	-44	46
40	-52	48
-20	-2	22
22	-8	20
-30	-56	-34
26	-62	-34
-26	-56	40
		
//Heinen et al., 2017; Shift > stay		
//Subjects=14		
20	-66	54
-14	-64	56
-40	-40	40
-28	-6	48
4	-56	54
36	-40	40
50	6	34
-10	-48	52
32	-6	60
-28	-74	22
-30	-50	46
-46	4	26
4	8	50
34	-50	44
52	-32	40
-58	-34	34
34	-76	22
58	-36	26
36	20	8
-22	8	-6
24	12	-2
		
//Hodgson et al., 2015; Flip > hold (feedback event)		
//Subjects=15		
-30	-62	46
8	-76	40
-30	22	-6
-51	-44	40
-38	3	56
-36	-60	-32
36	-54	-38
-4	20	46
-46	34	24
		
//Ikkai & Curtis, 2008; Shift > baseline (covert); shift > baseline (overt)		
//Subjects=14		
-23.8	-11.7	57.6
18.4	-11.4	60.8
-36.6	-12	50.8
46.5	-2.2	45.7
-45.1	-1.5	32.6
38.8	2.4	33.3
-39.4	9.6	31.7
41.5	14.6	37.8
-6.1	-18.8	53.6
2.7	-11.3	55
-36.4	-47.1	45.5
26.6	-61	52.3
-27.3	-74	28.1
26.7	-78.3	24
-52.2	-53.5	15
55	-44.2	27.8
-24.2	-12.2	56
17.9	-11	61.3
-35.7	-12.8	52.5
37.4	-7	49
-43.3	-0.8	34
43.8	0.6	34.8
-41.1	11.3	27
36.4	4.7	34.5
-7.8	-11.1	52
2.7	-11.3	55
-33.4	55.8	46.8
24.3	-62.9	49.8
-27.8	-80.6	21.3
30.5	-80	22.7
-59.1	-50.2	28.1
54.7	-44.7	29
	
//Jamadar et al., 2010a; Switch > repeat		
//Subjects=18		
-28.08	-48.56	72.09
39.53	-48.2	68.34
-40.81	-41.85	62.83
-2.7	-56.95	69.19
14.21	-56.54	73.5
39.5	-39.59	71.08
-52.49	-73.12	1.78
-24	-70.4	-9.67
-32.5	-62.34	-14.62
		
///Jamadar et al., 2010b; Informatively cued switch > repeat		
//Subjects=12		
-7.08	-11.21	76.07
-32.76	44.77	29.1
-6.96	-63.46	49.68
-11.28	-77.18	-1.52
-40.95	-67.02	-20.91
-28.3	-62.98	-25.7
14.24	-80.02	51.8
18.36	-91.71	-1.81
5.55	-70.83	-20.92
43.53	-59.23	-26.38

//Konishi et al., 2002; Event B > event C		
//Subjects=16		
-49.59	14.4	17.96
-41.28	45.59	9.12
-38.94	5.07	36.3
-49.37	-67.47	-9.73
-9	-68.7	67.81
16.26	-77.63	21.66
14.2	-55.76	69.01
-53.57	-34.57	45.76
-28.06	-79.02	39.77
		
//Korb et al., 2017; Switch > non-switch (task-set control); alternate > repeat (response-set control)		
//Subjects=22		
8	10	48
-4	-4	52
-2	4	54
-38	-18	68
-12	-20	62
-8	-12	56
		
//Kuptsova et al., 2015; Switch > control		
//Subjects=70		
-33	-88	-5
-33	-67	-26
36	-86	0
36	-71	-21
-36	-56	48
42	-55	49
-45	29	25
-45	5	40
-42	44	7
42	5	28
42	29	25
33	23	1
	
//Le et al., 1998; Attention shifting > sustained attention		
//Subjects=8		
19.5	-77.1	47.13
35.25	-51.82	44.2
27.94	-70.39	52.17
-16.4	-75.74	57.24
-34.38	-70.57	58.1
-27.02	-65.66	51.06
44.61	-65.66	-28.16
49.86	-59.45	-30.84
-42.02	-71.84	-30.56
39.36	-76.28	-28.51
0.28	-77.38	-23.77
-34.59	-77.95	-27.96
	
//Leber et al., 2008; Switch slope > repeat slope		
//Subjects=21		
-40.85	-44.97	46.4
0.17	-29.74	-3.72
-40.15	32.34	16.68
24.75	-66.28	50.8
40.2	13.5	7.51
-10.11	-64.26	54.2
-31.27	-68.34	42.39
-5.15	14.16	42.14
-24.22	2.45	8.64
5.73	-69.86	46.72
-23	-6.39	53.64
35.91	44.03	24.31
3.27	-12.91	-4.89
13.12	-62.04	52.8
54.24	-37.33	54.19
42.17	44.49	-3.5
-23.88	-53.54	59.09
3.49	-34.16	44.28
-15.69	7.77	42.64
52.03	-19.25	39.65
	
//Liu et al., 2003; sCM > hC and sMC > hM (conjunction analysis)		
//Subjects=13		
-56.92	-3.45	20.34
3.61	-71.27	41.28
-24.92	-72.82	37.11
-8.1	-75.7	5.02
10.92	-75.54	4.9
	
//Liu et al., 2015; Switching > rule application; switching > hypothesis testing		
//Subjects=12		
52	40	14
29	-57	7
-19	-59	22
-22	-49	-6
-19	9	-8
-16	9	-9
8	15	52
-8	6	59
60	11	35
-47	2	54
-63	-2	45
70	-13	54
24	-67	30
28	-53	48
-27	-67	34
-50	10	30
33	42	-12
30	36	-34
-32	39	-37
27	35	-14
-41	17	6
43	-46	-23
-47	-58	-10
37	-86	34
27	-62	9
-24	-40	4
20	19	-9
14	20	8
-15	4	-4
	
//Loose et al., 2006; Shift > non-shift (figural); shift > non-shift (verbal)		
//Subjects=14		
39.06	40.16	12.35
-30.23	-52.81	54.64
31.09	-58.33	59.1
-22.12	0.95	0.97
-41.24	46.4	22.38
39.06	40.16	12.35
-25.97	-57.62	61.6
31.04	-52.57	49.82
14.19	-91.57	18.19
24.33	16.38	5.19
	
//Luks et al., 2002; Neutrally cued switch > repeat targets; switch > repeat targets		
//Subjects=11		
-55.96	26.25	22.74
-34.86	35.94	23.06
-7.24	21.4	57.19
-43.28	11.61	5.91
		
//Moll et al., 2002; trail making test: vTMTB (switch) > vTMTA (nonswitch)		
//Subjects=7		
-45.26	0.95	38.84
-41.16	26.64	27.07
-37.01	41.96	18.22
-31.44	-12.83	53.02
-35.55	-54.92	38.17
-5.1	7.28	50.38
28.9	-54.38	37.75
	
//Monchi et al., 2001; Matching after negative feeback > control matching; matching after positive feeback > control matching		
//Subjects=11		
-36.9	17.02	24.37
22.43	-7.13	52.31
-23.85	-67.8	50.08
-28.09	-59.03	56.16
43.67	-65.06	16.2
-26.3	-9.59	1.71
-51.57	-3.03	43.59
26.65	-1.57	56.35
-28.1	-56.93	56.02
	
//Monchi et al., 2006; Retrieval with shift > retrieval without shift		
//Subjects=10		
11.71	1.63	7.38
-11.51	-14.08	-4.73
13.86	-20.31	-6.67
-19.97	-.6	9.94
-28.46	-5.95	-7.4
-9.31	-27.82	11.74
-9.38	-6.68	12.51
16.02	-19.21	11
		
//Muhle-Karbe et al., 2014; Full switch > repeat; task switch > repeat; SR switch > repeat (main effect of transition)		
//Subjects=22		
-1	0	69
-4	0	58
-1	14	41
-54	7	34
-50	-28	52
-46	-38	55
-36	-18	69
34	-18	69
52	-24	55
41	-24	66
-12	-18	10
10	-14	13
-1	0	69
-4	18	48
-4	21	34
-54	7	34
-46	49	10
-50	35	24
-29	7	62
-43	-42	48
-8	-77	52
-18	-77	55
-12	-18	10
-15	0	6
-15	7	10
-4	4	62
-1	0	69
-57	7	38
-50	-28	52
-46	-38	52
-40	-24	69
34	-18	69
44	-28	48
52	-24	55
-18	4	13
		
//Nagano-Saito et al., 2008; set-shifting: MNF > MCF; MPF > MCF		
//Subjects=19		
2	24	48
-44	34	24
-42	32	32
-30	8	60
42	36	30
32	14	58
-44	6	32
-30	26	-2
36	24	-2
-38	52	6
32	56	12
36	54	-8
-4	-76	8
-28	-72	36
2	-68	48
-30	-66	46
2	-68	48
32	-62	44
-24	-95	-8
32	-84	-12
38	-78	-16
-28	2	4
32	0	2
-16	-4	0
14	-2	2
-10	-72	-32
-30	-64	-34
8	-78	-26
40	-70	-30
-26	-68	42
-38	-74	-14
		
//Orr et al., 2014; Switch > repeat		
//Subjects=28		
32	-50	-30
-38	-46	-34
-42	-62	-20
-40	-42	40
42	-76	-16
-36	-94	-4
18	-102	-4
32	-48	38
20	-70	56
54	-54	-24
32	-66	26
-32	-48	68
-10	-20	10
-40	2	34
-22	6	0
16	-4	0
-44	32	22
-6	8	48
-58	8	26
	
//Orr et al., 2019; Switch > repeat		
//Subjects=19		
-38	-42	38
-34	-4	54
-6	20	48
8	-30	24
16	-66	56
52	-26	42
36	-36	40
44	2	26
-26	10	14
-16	4	22
		
//Ort et al., 2019; Proactive switch > proactive repeat; reactive switch > reactive repeat	
//Subjects=19		
-33	21	8
33	24	8
-45	0	38
52	8	25
-27	-6	54
27	12	47
0	18	47
0	-30	28
-30	-54	44
36	-45	41
-30	-75	27
39	-63	61
24	-72	8
-18	-66	5
-33	-63	-32
36	-57	-32
-42	39	11
-42	0	34
-30	-51	44
36	-45	41
-33	-54	-19
6	-72	-25
33	-54	-35
-39	-51	-35
	
//Page et al., 2009; Switch > repeat (switch task)		
//Subjects=11		
-36.66	-30.87	52.07
39.45	-38.64	52.15
5.45	3.41	37.26
		
//Parris et al., 2007; Flip > hold (Experiment 1)		
//Subjects=22		
-.97	23.31	35.94
-30.7	27.65	-9.69
-43.28	22.93	18.45
-26.23	1.31	42.03
-39.1	33.4	16.6
-58.12	10.34	-12.78
-34.51	-49.52	40.01
-.68	-80.82	6.44
0.25	-31.27	23.02
-34.72	-56.9	-46.05
-32.49	-73.59	-26.05
-9.35	-17.45	8.81
47.51	19.49	-16.25
57.08	21.19	10.21
36.91	28.99	-14.62
41.38	-53.42	-34.53
13.75	11.48	-4.41
17.95	21.04	-3.98
-15.85	13.06	-8.78
3.28	-6.98	5.8
	
//Pessoa et al., 2009; Switch > non-switch		
//Subjects=20		
-36.64	-80.95	-7.77
35.23	-82.04	-1.46
-29.33	-58.89	-10.43
-60.01	-46.34	-7.78
-26	-67.51	37.86
33.16	-58.21	43.54
-35.82	13.16	30.18
-20.91	4.54	59.54
	
//Peters et al., 2015; Shift > hold		
//Subjects=20		
-14	-72	55
20	-61	51
-26	-4	55
32	3	64
56	11	22
-9	-87	-12
		
//Philipp et al., 2013; Switch > repeat (stimulus categorisation); switch > repeat (response modality)		
//Subjects=23		
-44	4	30
-14	-66	46
-30	-46	44
	
//Pollmann et al., 2006; Change > stay (dimension); change > stay (response)		
//Subjects=20		
-34.54	-42.24	38.4
28.93	-74.37	21.36
28.88	-78.94	-1.63
21.54	-87.85	9.01
30.85	-30.84	8.38
-41.93	-35.18	51.28
-67.38	-41.12	9.66
-23.09	22.52	60.54
-23.16	17.4	28.7
-34.57	-15.4	63.2
-47.11	-63.79	49.94
-35.72	-38.31	-.71
15.04	-57.61	-13
-44.12	-74.87	-28.12
27.76	-80.58	-28.15
-20.01	23.87	30.46
-35.64	-8.9	66.09
-48.3	-22.22	57.09
-22.92	-48.98	29.92
22.42	-57.75	-16.36
	
//Provost & Monchi, 2015; Continuous shift > control		
//Subjects=15		
-49.65	33.58	21.09
-28.53	24.27	3.85
34.83	30.97	0.79
-3.03	21.03	50.53
11.75	21.01	48.23
-43.18	7	33.97
-51.69	19.4	30.95
-15.68	-8.02	25.96
20.27	-14.02	26.16
28.74	-29.6	11.64
-13.61	-9.08	8.26
-19.88	-21.34	15.8
22.35	-12.44	17.16
-42.98	-40.78	46.12
-45.22	-46.28	-8.98
-36.74	-61.6	-19.08
-43.01	-69.11	-2.99
22.66	-96.76	18.49
20.41	-63.43	11.78
33.13	-69.08	20.98
-25.95	-67.55	54.51
7.7	-82.51	-22.35
3.61	-90.75	15.97
-34.45	-91.61	7.38
24.75	-99.52	7.57
		
//Rodehacke et al., 2014; Switch > repeat		
//Subjects= 213		
-27	-57	39
-24	-3	54
-45	-39	45
-30	-3	-33
-42	-15	-18
-12	-81	-27
12	-78	-24
	
//Rushworth et al., 2002; Switch > stay (RS task)		
//Subjects=10		
-21.31	67.07	-4.68
-9.34	13.82	54.39
-7.31	25.43	36.94
-3.95	-14.5	56.3
	
//Rushworth et al., 2002; Switch > stay (VS task)		
//Subjects=8		
-7.18	8.01	62.55
-.98	25.42	35.79
			
//Sali et al., 2016; Shift > hold		
//Subjects=20		
6.75	-55.99	49.09
-12.25	-55.74	55.84
27.73	-4.44	60.98
-23.03	0.9	52.03
63.71	-43.99	30.18
44.73	-61.5	22.61
42.3	33.84	29.41
53.17	-41.3	41.15
36.32	-65.23	31.79
-35.62	-33.64	41.15
		
//Sali et al., 2020; Shift > hold		
//Subjects=23		
4	-66	54
30	-4	54
-28	-8	62
	
//Schmitz et al., 2006; Switch > repeat (switch task)		
//Subjects=12		
-26.26	-12.99	15.26
-17.84	-2.41	14.49
-26.36	2.74	-3.57
-24.22	-5.65	-3.01
56.31	-63.67	2.71
47.89	-69.91	5.41
-49.4	-24.57	36.17
-3	10.38	49.04
3.36	4	47.22
	
//Sekutowicz et al., 2016; Switch > repetition		
//Subjects=108		
-27	-1	58
-48	14	22
-36	32	16
-51	5	37
-30	20	7
-18	8	1
-3	14	52
12	23	31
-6	20	37
-9	-73	43
-27	-70	43
-27	-67	34
12	-70	49
33	26	7
-15	-16	7
15	-13	10
24	-1	52
24	-7	52
30	-91	7
-21	-34	-2
-3	11	25
21	-34	1
		
//Shi et al., 2018; Task switching > task repetition		
//Subjects=32		
-36	47	22
-45	32	31
-48	8	34
42	26	28
-27	-4	58
36	-4	55
-6	20	46
-36	-52	46
36	-58	37
-3	-70	52
-18	-4	-5
15	2	1
-30	20	1
33	20	7
-12	-16	10
18	-13	10
-9	-79	7
-21	-94	-11
0	-91	4
-30	-61	-32
33	-67	-32
	
//Shomstein & Yantis, 2006; Shift > hold (spatial experiment)		
//Subjects=12		
11.02	-60.67	58.26
-23.85	-62.01	58.56
7.57	8.24	46.91
31.66	49.24	23.98
	
//Shomstein & Yantis, 2006; Shift > hold (non-spatial experiment)		
//Subjects=13		
6.74	-52.64	52.19
46.71	-4.11	46.41
-40.98	-4.64	50.29
54.02	-11.87	4.73
-49.53	-12.67	6.5
8.62	11.53	48.9
-3.98	-.3	64.21
50.99	-38.27	22.09
	
//Smith et al., 2004; Switch > repeat		
//Subjects=20		
34.9	16.47	5.12
49.9	-16.18	38.34
49.85	-17.33	19.55
41.31	-6.93	1.13
4.49	-13.72	50.65
42.33	5.89	3.58
-38.91	-12.41	26.4
-43.07	-23.53	34.95
-44.24	-13.61	7.64
-28.61	51.15	12
		
//Stoppel et al., 2013; Switch locations > hold and switch objects > hold (conjunction analysis	
//Subjects=16		
-18	-69	57
24	-63	57
-24	-9	60
27	-23	57
12	-6	66
-33	-75	18
57	-45	21
	
//Swainson et al., 2003; Switch > non-switch (WAIT task); switch > non-switch (GO task)		
//Subjects=12		
45.38	26.05	-12.25
1.22	13.77	52.11
4.22	37.19	20.53
10.65	18.74	28.41
23.67	-89.73	12.46
	
//Townsend et al., 2006; Younger- Shift > focus		
//Subjects=10		
-34.72	14.19	46.75
29.97	-56.27	41.2
-28.14	-56.76	41.58
-38.76	-43.19	40.71
-47.47	21.54	30.78
-54.68	-43.96	13.11
-31.81	53.73	2.96
24.4	-2.53	6.48
-43.3	15.54	1.2
-33.46	-80.58	-2.26
-17.6	-87.16	-8.57
38.37	-79.41	-10.54
-33.5	-77.06	-13.6
56.12	-13.11	1.47

//Trempler et al., 2016; Switch > drift		
//Subjects=20		
-21	57	33
-6	48	0
21	-36	63
-6	-93	27
54	-27	-24
		
//Uehara et al., 2019; Switch > repeat		
//Subjects=32		
-30	-48	50
-18	-72	50
-42	-44	48
-54	-34	40
-52	-40	56
-48	4	28
-42	-8	38
-56	4	38
-50	6	14
-24	-6	54
	
//Vallesi et al., 2012; Switch > no-switch (cue-related); switch > no-switch (target-related)
//Subjects=12		
34	-46	-44
-38	-70	54
		
//Vallesi et al., 2015; Switch > single (spatial task)		
//Subjects=31		
-38	-48	-4
-48	-46	54
-34	-64	54
-4	12	52
4	18	50
-6	24	40
44	38	26
6	-28	28
-4	-24	26
-44	30	30
		
//Vandenberghe et al., 2001; Shift > maintain (Experiment 1)		
//Subjects=11		
-23.86	-55.37	63.66
-33.38	-52.29	63.5
17.36	-61.73	57.19
30.04	-54.71	66.62
		
//Wang et al., 2015; WCST: 2-NF > 0-NF and 1-NF > 0-NF (conjunction analysis)		
//Subjects=16		
-6	18	48
-39	21	12
33	9	54
-30	51	6
-45	-39	42
-27	24	6
33	18	0
-21	-12	0
	
//Witt & Stevens, 2012; Switch > non-switch		
//Subjects=134		
-26	10	62
-42	44	-8
-50	34	16
44	38	16
-46	22	28
44	8	28
-6	20	50
-34	20	-4
36	22	-2
-38	-56	64
-6	-74	40
0	-34	40
-32	-70	54
32	-72	52
-58	-52	-12
-32	-98	-10
24	-96	-10
-22	-78	-8
32	-76	-10
-16	6	14
14	10	8
-10	-14	0
8	-14	-2
	
//Witt & Stevens, 2013; Switch > non-switch		
//Subjects=83		
10	20	44
-6	20	50
-30	8	60
30	8	62
26	0	56
-44	24	26
-42	6	30
-50	36	8
44	10	30
-34	20	-4
34	22	-2
-24	-64	48
26	-72	54
-46	-58	52
-6	-74	42
32	-68	38
0	-30	32
6	-80	2
44	-82	2
-58	-52	6
-16	-22	-4
8	-12	0
4	-20	2
		
//Woodcock et al., 2010; Switch > non-switch		
//Subjects=8		
-10	-80	50
-19	-69	41
13	-74	45
-49	-42	49
11	16	45
5	32	33
-47	14	19
-39	43	18
-41	54	11
-29	51	0
		
//Wylie et al., 2004; Switch 3 > switch 1 (Group 1)		
//Subjects=12		
-34.62	-.62	63.3
49.73	23.4	30.08
-47.56	15.95	-8.79
54	6.09	22.36
-42.88	-60.34	54.12
33.22	-68.1	54.2
-55.73	-36.85	25.95
-30.21	-64.97	45.48
49.99	-66.67	6.28
24.54	-59.9	-17.34
-55.63	-75.76	10.86
-4.95	-85.36	-15.42
-21.7	-86.46	38.03
		
//Wylie et al., 2004; Switch 3 > switch 1 (Group 2)		
//Subjects=12		
-.91	20.13	52.8
-55.88	14.38	35.76
-34.59	-9.03	63.88
45.56	11.03	35.39
-34.46	-51.86	53.49
33.22	-63.63	58.34
-47.22	-35.43	48
-51.47	-22.32	56.01
-34.83	17.14	8.81
32.78	22.18	12.51
41.43	-55.56	-17.74
-34.57	-72.73	-11.67
37.21	-55.59	-17.71
-13.7	-14.81	-33.52
-9.34	-16	15.37
3.36	-20.09	15.58
-22.1	9.38	18.15
	
//Wylie et al., 2005; Switch > repeat targets (colour); switch > repeat targets (speed)		
//Subjects=13		
-47.34	-1.81	45.7
-26.26	20.19	57.39
-26.52	59.77	14.72
-43.28	35.5	34.24
-5.43	58.87	-3.1
-21.71	-63.82	63.11
-60.04	-25.37	7.43
-47.15	-79.62	15.51
-.74	-35.31	43.28
-5.24	8.44	0.35
54.03	11.37	39.76
36.88	60.3	14.31
28.39	50.2	-11.58
41.31	24.14	43.4
50.07	-55.63	48.81
58.42	-48.78	21.66
20.31	-50.99	-9.05
7.83	-41.48	79.17
20.06	16.52	-9.23
-55.67	-31.03	52.19
-34.74	-40.19	-31.66
41.17	48.27	23.99
24.39	-31.57	-37.04
		
//Xu et al., 2015; Switch > SwGo		
//Subjects=18		
48	-41	4
-45	-42	48
30	-62	57
-32	-57	60
55	13	12
52	21	0
3	18	48
2	-21	30
30	6	58
-32	7	65
		
//Zanolie et al., 2008; Extradimensional negative FB > positive FB; intradimensional negative FB > positive FB		
//Subjects=18		
48	30	6
51	30	24
48	42	21
0	15	63
-6	15	51
-9	6	57
27	-66	48
39	-45	42
12	-60	51
-9	-78	48
-12	-75	57
-15	-66	48
-33	-66	48
-39	-57	48
-42	-45	45
30	12	54
-36	15	6
-42	3	39
-51	-33	-6
-9	-3	60
-3	6	60

//Yoon et al., 2021; WCST: RNF > RPF (healthy)
Subjects=26
-30	20	-2
34	22	-2
-46	28	28
48	12	32
-14	0	14
14	0	14
-12	-14	8
8	-16	10
-32	-56	42
32	-74	50
-28	-80	22
42	-80	16
-42	-64	-10
30	-70	-13

//Zuhlsdorff et al., 2023; changing > repeating
Subjects=40
30	64	-4 
-35	59	-5 
38	20	2
-40	20	2
42	26	-7
-50	25	-8
3	36	44 
-7	27	47 
47	35	31
-48	18	42
3	29	42
-7	40	27 
8	30	24 
-6	28	27
45	20	9 
-48	18	5 
58	-25	-6 
-59	-25	-6
51	-53	43
-55	-54	43 
56	-44	45 
-57	-46	45 
38	-63	45 
-37	-61	45 
6	-68	45 
-6	-73	45

//Hummos et al., 2022; probablistic inference task: switching > staying
//Subjects=28
44	20	-4
-30	24	4
46	30	34
-38	30	36
34	2	62
-26	0	62
28	56	-6
-34	52	0
0	22	46
46	-44	56
-32	-50	42
4	-62	62
-10	-66	50
-10	0	10
12	-10	8
2	-26	-24
		
//Nee & Jonides, 2014; Focus switch > focus repeat; active switch > active repeat		
//Subjects=26		
6	6	50
0	2	58
-6	10	48
30	-6	48
44	-8	54
-42	2	26
-44	20	16
-46	10	12
-34	22	8
-36	-8	54
-38	-16	42
-42	-4	50
8	-74	-4
-6	-80	-12
-60	4	30
-56	-10	44
-52	-8	36
-6	-70	22
-6	-72	-4
-14	-60	12

//Goel et al., 2000; main effect of verbal syllogistic reasoning		
//Subjects=11		
-16.34	9.49	-9.73
16.07	11.73	-10.5
1.07	-22.36	-6.87
11.68	-82.87	-34.69
-5.56	-80.38	-30.15
46.5	-78.75	-15.52
-20.36	-97.71	-8.02
-54.96	20.15	14.53
-43.99	14.84	26.07
-48.48	28.89	15.79
-54.97	-43.41	0.65
-17.51	-61.9	53.38
57.44	25.21	16.59
		
//Christoff et al., 2001; RPM 2-relational > 1-relational		
//Subjects=10		
-46.06	8.97	32.29
-35.77	55.44	0.62
		
//Parsons and Osherson, 2001; probablistic reasoning (whether the conclusion of an argument was more likely to be true than false) > deduction (distinguish valid from invalid arguments)		
//Subjects=10		
11.36	-8.28	39.74
6.62	28.02	14.94
15.15	-0.2	-0.34
24.5	7.97	-28.2
25.89	-77.21	-20.92
49.46	-54.56	-32.53
-27.27	31.48	-15.08
-33.52	23.33	1.52
-3.77	-45.54	32.48
-26.94	-44.89	-5.29
-5.15	55.06	29.27
-27.36	15.44	-25.82
-37.07	-10.74	-29.79
-8.95	-25.29	54.1
-8.73	-26.31	-14.16
-35.19	-6.94	33.68
-11.9	-59.71	-15.28
-42.34	-48.09	-27.12
-38.07	-68.15	-35.29
		
//Kroger et al., 2002; RPM (relational complexity)		
//Subjects=8		
-52.71	27.37	22.74
46.83	11.32	29.35
-35.77	29.19	-4.62
43.06	-56.81	58.57
-34.72	-65.8	58.54
31.15	29.01	-10.23
-5.13	10.31	21.38
		
//Knauff et al., 2002; syllogistic reasoning > baseline		
//Subjects=12		
5.09	3.13	58.89
-2.53	5.99	55.38
54.41	21.34	32.72
-47.17	24.07	33.06
5.92	14.45	42.07
-4.92	18.46	39.62
64.92	-38.84	-2.97
-63.65	-36.1	-1.05
61.8	-35.79	6.87
-61.36	-37.28	9.11
31.16	-62.48	55.97
-33.67	-62.71	57.1
7.38	-67.03	54.59
-7.75	-63.79	55.64
43.94	-53.9	43.7
-38.17	-53.13	45.02
22.34	-78	39.73
-20.88	-82.62	38.68
		
//Ruff et al., 2003; syllogistic reasoning > rest		
//Subjects=12		
-30.96	-97.36	7.82
37.14	-90.22	11.55
-11.21	-87.35	33.38
-5.08	-52.73	13.04
-1.58	-73.81	28.52
50.24	-4.96	38.75
-40.57	-8.99	35.09
-5.55	58.63	-1.33
30.09	-19.04	-18.9
		
//Fangmeier et al., 2006; syllogistic reasoning problem (reasoning validation phase) > rest		
//Subjects=12		
-6.99	16.94	46.52
32.01	5.9	52.55
40.67	1.68	52.82
-37.2	8.43	49
-54.68	15.63	35.14
-32.77	-2.84	54.52
-45.68	-40.73	51.77
-32.75	-42.06	48.32
27.8	-66.62	46.36
		
//Monti et al., 2007; complex deductions > simple deductions (syllogistric reasoning words and pseudowords; experiment 1)		
//Subjects=10		
-37.97	61.71	-1.08
-33.79	67.28	-10.67
-29.45	63.04	-10.32
-0.71	35.18	34.53
35.35	25.86	-21.19
-42.4	58.74	-9.68
-32.69	12.03	64.26
-42.46	53.86	-15.92
-48	17.11	50.57
3.58	37.11	32.02
-33.73	21.78	-15.13
-48.97	44.91	-19.4
-37.13	13.31	55.24
49.22	19.58	48.67
53.55	17.47	48.8
7.93	35.21	34.38
-0.57	29.63	44.04
35.47	31.15	-10.51
-33.63	70.65	2.44
-55.47	42.56	-21.3
-29.24	66.83	7.23
-37.04	-53.88	48.44
-39.08	-70.49	54.6
-35.78	22.6	-6.21
11.85	-90.34	-22.74
16.15	-90.53	-25.04
35.38	-72.35	-38.37
13.89	-86.91	-32.08
28.88	-81.3	-41.86
41.87	-65.74	-36.89
22.44	-85.37	-39.1
		
//Monti et al., 2007; complex deductions > simple deductions (syllogistric reasoning with face and house; experiment 2)		
//Subjects=12		
-50.36	30.95	38.03
-59.11	27.97	29.51
-41.59	18.85	45.8
-39.51	18.23	39.11
-50.33	22.45	38.87
-39.36	23.73	52.01
-33.72	65.57	-6.02
-51.08	38.73	-16.51
-40.31	62.58	-14.57
-48.86	54.46	-9.14
-55.43	47.23	-17.28
-48.99	51.3	-20.03
53.25	34.95	29.15
57.61	26.46	29.91
46.94	36.18	42.58
53.19	30.07	22.91
-4.92	35.99	43.48
-0.79	41.14	29.46
-2.94	45.6	31.29
-4.76	30.65	55.21
-34.78	-64.09	53.89
-47.79	-46.91	54.66
-52.21	-43.29	47.65
-41.24	-63.9	56.23
-45.67	-51.57	50.6
-43.36	-59.24	60.28
		
//Reverberi et al., 2007; deductive inference (syllogistic) > baseline		
//Subjects=14		
-48	4	44
-52	8	30
-48	6	30
-58	20	14
-40	4	26
-44	-46	50
-38	-48	42
-40	-54	56
		
//Masunaga et al., 2008; nonverbal intelligence test (Cattell's Culture Fair Intelligence Test - Topology) > scrambled stimuli 		
//Subjects=18		
-28.32	14.59	68.41
40.79	16.75	64.78
1.84	16.2	61.01
51.09	34.94	29.19
-48.27	10.78	28.79
-23.8	-67.06	67.45
23.76	-73.27	67.25
58.11	-31.02	58
-35.61	-63.73	-11.12
55.15	-58.95	-10.9
-24	-75.1	50.32
-28.78	-89.49	11.48
-46.22	-84.21	0.05
40.27	-85.62	3.2
14.38	-96.34	4.7
9.83	-82.72	-10.02
		
//Wendelken et al., 2008; compare two related words > match a related word		
//Subjects=20		
49.43	49.18	-13.66
-51.07	45.32	-14.92
63.04	14.67	29.87
11.32	35.19	45.53
50.48	11.05	60.7
44.06	-4.92	62.39
-30.45	-14.76	64.63
-30.21	-55.62	75.39
		
//Wartenburger et al., 2009; difficult geometric analogical reasoning (whether B:B" matches A:A") > less difficult problems		
//Subjects=15		
-1	-61	56
-26	-10	57
-43	23	32
32	-5	60
-18	-92	-22
		
//Geake and Hansen, 2010; nonsemantic analogical reasoning > baseline		
//Subjects=16		
34	60	12
-40	56	10
-48	54	2
36	42	18
46	38	24
38	34	12
30	22	-4
-32	18	-2
-48	18	28
44	14	28
-48	8	32
8	6	48
50	2	40
-26	2	58
32	-6	54
-36	-8	64
-44	-44	46
40	-46	38
-26	-66	40
24	-68	48
38	-64	-16
-44	-70	-16
-36	-92	-2
30	-90	-6
16	-96	-14
-16	-98	-12
-16	20	10
12	12	8
-14	2	4
12	0	-2
10	-18	6
-14	-24	12
22	-30	-6
-26	-30	-4
		
//Golde et al., 2010; RPM abtract > RPM action		
//Subjects=16		
-55.81	-72.26	13.6
47.94	-68.39	14.81
-43.2	-45.37	-9.45
28.08	-51.81	-13.39
-43.08	21.25	14.22
50.78	33.72	4.66
-3.82	-28.42	31.91
5.99	-83.56	27.11
-42.55	-37.19	43.52
48.23	-33.37	44.96
22.39	-68.87	45.55
11.81	-55.68	-19.45
		
//Krawczyk et al., 2011; RPM > baseline		
//Subjects=20		
-26	28	12
-11	20	40
10	10	44
-42	6	26
50	10	26
-36	-4	58
30	0	56
-34	-46	38
34	-44	40
-26	-70	28
32	-74	24
		
//Volle et al., 2010; analogy > matching (alphabet)		
//Subjects=16		
-44	50	-4
-34	54	-6
-46	44	10
-48	14	48
-52	22	36
44	42	30
62	16	16
52	32	28
-34	32	-2
32	26	-4
32	46	-12
-28	-50	30
26	-46	32
-44	-50	52
40	-52	48
24	-72	56
-26	-72	2
20	-76	2
-60	-48	-4
-34	-54	0
-54	-56	-14
56	-38	-12
10	-92	26
18	-8	18
0	-16	10
		
//Cho et al., 2010; people pieces analogy task with cartoon characters (task > baseline)		
//Subjects=17		
-50	42	-10
58	28	34
-50	22	26
4	22	52
-26	-58	42
4	-66	46
0	-6	6
0	-90	-28
-28	-70	-38
		
//Prado et al., 2010; integrable arguments > nonintegrable arguments		
//Subjects=13		
-1.8	-95.13	7.1
30.72	-90.89	16.21
-34.48	17.68	9.94
-34.75	22.19	-10.67
-34.05	-94	20.98
-1.38	-72.25	45.17
-50.33	-74.91	19.37
-50.56	-73.38	1.29
56.72	-8.23	37.84
47.02	-70.44	27.36
-53.48	-8.62	39.76
-59.78	-33.54	49.06
		
//Crescentini et al., 2011; nonverbal nonsemantic rule acquisition > rule following 		
//Subjects=20		
-40	4	40
-46	28	36
-44	22	26
-28	0	68
-54	30	18
30	-2	54
50	24	30
34	-46	48
42	-36	48
30	-66	42
-30	-48	48
-26	-68	36
		
//Jia et al., 2011; arithmetic inductive reasoning (Rule induction > rule judgement; Table 2)		
//Subjects=20		
-24	-63	45
-30	-51	51
-24	-75	36
-45	33	15
-42	42	9
-51	-57	-9
-45	-78	9
-48	9	33
-36	3	30
42	-78	6
30	-87	0
-3	-51	9
-9	-42	0
30	-75	45
9	-54	6
9	-42	0
		
//Shokri-Kojori et al., 2012; visuospatial reasoning task that assembles RPM (3 relational > 1 relational; Table S2)		
//Subjects=20		
-16	-7	16
-11	20	40
-42	6	26
-46	28	34
-26	50	8
-34	-46	38
-40	0	50
-26	-70	28
-26	28	-12
-14	-28	12
18	-4	16
10	20	44
50	10	26
46	32	26
26	44	12
34	-44	40
30	0	54
32	-74	24
34	28	-4
20	-30	10
		
//Watson and Chatterjee, 2012; analogical reasoning of shapes (analogy > matching)		
//Subjects=23		
52	40	10
67	-47	-5
52	7	19
		
//Reverberi et al., 2012; syllogistic reasoning (integratable > nonintegratable sentences)		
//Subjects=26		
-46	6	48
-26	16	54
-38	8	60
-6	16	51
-8	32	58
-52	16	20
-44	24	18
-54	14	6
-48	46	0
-48	28	-2
-8	14	2
-16	0	16
-8	-74	58
0	-60	36
-32	-78	30
		
//Cocchi et al., 2014; rule > null		
//Subjects=21		
36	-70	-20
18	-88	-2
-18	-82	-14
-15	-91	1
33	-61	46
-27	-55	43
-27	-51	40
-45	-40	1
3	-85	37
-3	8	52
-3	-4	64
9	20	37
-21	26	4
-12	23	10
-51	-1	46
-30	-4	52
33	47	37
-33	50	25

